0
  |  K  S  H  L
--+------------
 1|  2  4  5  9
 2|  1  3  6 10
 3|  4  2  7 11
 4|  3  1  8 12
 5|  6  8  1 13
 6|  5  7  2 14
 7| 15  6  3  8
 8|  7  5  4 16
 9| 12 13 10  1
10|  9 11 14  2
11| 10 15 12  3
12| 11  9 16  4
13| 14 16  9  5
14| 13 10 15  6
15| 16 14 11  7
16|  8 12 13 15

1
  |  K  S  H  L
--+------------
 1|  2  4  5  9
 2|  1  3  6 10
 3|  4  2  7 11
 4|  3  1  8 12
 5|  6  8  1 13
 6|  5  7  2 14
 7| 15  6  3  8
 8|  7  5  4 16
 9| 10 12 13  1
10|  9 11 14  2
11| 12 15 10  3
12| 11  9 16  4
13| 14 16  9  5
14| 13 10 15  6
15| 16 14 11  7
16|  8 13 12 15

2
  |  K  S  H  L
--+------------
 1|  2  4  5  9
 2|  1  3  6 10
 3|  4  2  7 11
 4|  3  1  8 12
 5|  6  8  1 13
 6|  5  7  2 14
 7| 15  6  3  8
 8|  7  5  4 16
 9| 10 13 12  1
10|  9 11 14  2
11| 12 15 10  3
12| 11  9 16  4
13| 14 16  9  5
14| 13 10 15  6
15| 16 14 11  7
16|  8 12 13 15

3
  |  K  S  H  L
--+------------
 1|  2  4  5  9
 2|  1  3  6 10
 3|  4  2  7 11
 4|  3  1  8 12
 5|  6  8  1 13
 6|  5  7  2 14
 7| 15  6  3  8
 8|  7  5  4 16
 9| 13 10 12  1
10|  9 11 14  2
11| 12 15 10  3
12| 11  9 16  4
13| 14 16  9  5
14| 10 13 15  6
15| 16 14 11  7
16|  8 12 13 15

4
  |  K  S  H  L
--+------------
 1|  2  4  5  9
 2|  1  3  6 10
 3|  4  2  7 11
 4|  3  1  8 12
 5|  6  8  1 13
 6|  5  7  2 14
 7| 15  6  3  8
 8|  7  5  4 16
 9| 12 10 13  1
10|  9 11 14  2
11| 10 12 15  3
12| 11  9 16  4
13| 14 16  9  5
14| 13 15 10  6
15| 16 14 11  7
16|  8 13 12 15

5
  |  K  S  H  L
--+------------
 1|  2  4  5  9
 2|  1  3  6 10
 3|  4  2  7 11
 4|  3  1  8 12
 5|  6  8  1 13
 6|  5  7  2 14
 7| 15  6  3  8
 8|  7  5  4 16
 9| 10 12 13  1
10|  9 11 14  2
11| 12 10 15  3
12| 11  9 16  4
13| 14 16  9  5
14| 13 15 10  6
15| 16 14 11  7
16|  8 13 12 15

6
  |  K  S  H  L
--+------------
 1|  2  4  5  9
 2|  1  3  6 10
 3|  4  2  7 11
 4|  3  1  8 12
 5|  6  8  1 13
 6|  5  7  2 14
 7| 15  6  3  8
 8|  7  5  4 16
 9| 10 13 12  1
10|  9 11 14  2
11| 12 10 15  3
12| 11  9 16  4
13| 14 16  9  5
14| 13 15 10  6
15| 16 14 11  7
16|  8 12 13 15

7
  |  K  S  H  L
--+------------
 1|  2  4  5  9
 2|  1  3  6 10
 3|  4  2  7 11
 4|  3  1  8 12
 5|  6  8  1 13
 6|  5  7  2 14
 7| 15  6  3  8
 8|  7  5  4 16
 9| 13 12 10  1
10|  9 11 14  2
11| 12 10 15  3
12| 11  9 16  4
13| 14 16  9  5
14| 10 15 13  6
15| 16 14 11  7
16|  8 13 12 15

8
  |  K  S  H  L
--+------------
 1|  2  4  5  9
 2|  1  3  6 10
 3|  4  2  7 11
 4|  3  1  8 12
 5|  6  8  1 13
 6|  5  7  2 14
 7|  8  6  3 15
 8|  7  5  4 16
 9| 10 12 13  1
10|  9 11 14  2
11| 15 10 12  3
12| 11  9 16  4
13| 14 16  9  5
14| 13 15 10  6
15| 16 14 11  7
16| 12 13 15  8

9
  |  K  S  H  L
--+------------
 1|  2  4  5  9
 2|  1  3  6 10
 3|  4  2  7 11
 4|  3  1  8 12
 5|  6  8  1 13
 6|  5  7  2 14
 7|  8  6  3 15
 8|  7  5  4 16
 9| 10 12 13  1
10|  9 11 14  2
11| 12 10 15  3
12| 11  9 16  4
13| 14 16  9  5
14| 13 15 10  6
15| 16 14 11  7
16| 15 13 12  8

10
  |  K  S  H  L
--+------------
 1|  2  4  5  9
 2|  1  3  6 10
 3|  4  2  7 11
 4|  3  1  8 12
 5|  6  8  1 13
 6|  5  7  2 14
 7|  8  6  3 15
 8|  7  5  4 16
 9| 10 12 13  1
10|  9 11 14  2
11| 12 10 15  3
12| 11  9 16  4
13| 14 16  9  5
14| 15 13 10  6
15| 16 14 11  7
16| 13 15 12  8

11
  |  K  S  H  L
--+------------
 1|  2  4  5  9
 2|  1  3  6 10
 3|  4  2  7 11
 4|  3  1  8 12
 5|  6  8  1 13
 6|  5  7  2 14
 7|  8  6  3 15
 8|  7  5  4 16
 9| 10 12 13  1
10|  9 11 14  2
11| 12 15 10  3
12| 11  9 16  4
13| 14 16  9  5
14| 13 10 15  6
15| 16 14 11  7
16| 15 13 12  8

12
  |  K  S  H  L
--+------------
 1|  2  4  5  9
 2|  1  3  6 10
 3|  4  2  7 11
 4|  3  1  8 12
 5|  6  8  1 13
 6|  5  7  2 14
 7|  8  6  3 15
 8|  7  5  4 16
 9| 10 13 12  1
10|  9 11 14  2
11| 12 10 15  3
12| 11  9 16  4
13| 14 16  9  5
14| 13 15 10  6
15| 16 14 11  7
16| 15 12 13  8

13
  |  K  S  H  L
--+------------
 1|  2  4  5  9
 2|  1  3  6 10
 3|  4  2  7 11
 4|  3  1  8 12
 5|  6  8  1 13
 6|  5  7  2 14
 7|  8  6  3 15
 8|  7  5  4 16
 9| 10 13 12  1
10|  9 11 14  2
11| 15 12 10  3
12| 11  9 16  4
13| 14 16  9  5
14| 13 10 15  6
15| 16 14 11  7
16| 12 15 13  8

14
  |  K  S  H  L
--+------------
 1|  2  4  5  9
 2|  1  3  6 10
 3|  4  2  7 11
 4|  3  1  8 12
 5|  6  8  1 13
 6|  5  7  2 14
 7|  8  6  3 15
 8|  7  5  4 16
 9| 10 13 12  1
10|  9 11 14  2
11| 12 15 10  3
12| 11  9 16  4
13| 14 16  9  5
14| 13 10 15  6
15| 16 14 11  7
16| 15 12 13  8

15
  |  K  S  H  L
--+------------
 1|  2  4  5  9
 2|  1  3  6 10
 3|  4  2  7 11
 4|  3  1  8 12
 5|  6  8  1 13
 6|  5  7  2 14
 7|  8  6  3 15
 8|  7  5  4 16
 9| 10 13 12  1
10|  9 11 14  2
11| 12 15 10  3
12| 11  9 16  4
13| 14 16  9  5
14| 15 10 13  6
15| 16 14 11  7
16| 13 12 15  8

16
  |  K  S  H  L
--+------------
 1|  2  4  5  9
 2|  1  3  6 10
 3|  4  2  7 11
 4|  3  1  8 12
 5|  6  8  1 13
 6|  5  7  2 14
 7|  8  6  3 15
 8|  7  5  4 16
 9| 12 10 13  1
10|  9 11 14  2
11| 10 15 12  3
12| 11  9 16  4
13| 14 16  9  5
14| 15 13 10  6
15| 16 14 11  7
16| 13 12 15  8

17
  |  K  S  H  L
--+------------
 1|  2  4  5  9
 2|  1  3  6 10
 3|  4  2  7 11
 4|  3  1  8 12
 5|  6  8  1 13
 6|  5  7  2 14
 7|  8  6  3 15
 8|  7  5  4 16
 9| 12 10 13  1
10|  9 11 14  2
11| 10 12 15  3
12| 11  9 16  4
13| 14 16  9  5
14| 13 15 10  6
15| 16 14 11  7
16| 15 13 12  8

18
  |  K  S  H  L
--+------------
 1|  2  4  5  9
 2|  1  3  6 10
 3|  4  2  7 11
 4|  3  1  8 12
 5|  6  8  1 13
 6|  5  7  2 14
 7|  8  6  3 15
 8|  7  5  4 16
 9| 12 10 13  1
10|  9 11 14  2
11| 10 12 15  3
12| 11  9 16  4
13| 14 16  9  5
14| 15 13 10  6
15| 16 14 11  7
16| 13 15 12  8

19
  |  K  S  H  L
--+------------
 1|  2  4  5  9
 2|  1  3  6 10
 3|  4  2  7 11
 4|  3  1  8 12
 5|  6  8  1 13
 6|  5  7  2 14
 7|  8  6  3 15
 8|  7  5  4 16
 9| 12 10 13  1
10|  9 11 14  2
11| 15 12 10  3
12| 11  9 16  4
13| 14 16  9  5
14| 10 13 15  6
15| 16 14 11  7
16| 13 15 12  8

20
  |  K  S  H  L
--+------------
 1|  2  4  5  9
 2|  1  3  6 10
 3|  4  2  7 11
 4|  3  1  8 12
 5|  6  8  1 13
 6|  5  7  2 14
 7|  8  6  3 15
 8|  7  5  4 16
 9| 13 10 12  1
10|  9 11 14  2
11| 10 12 15  3
12| 11  9 16  4
13| 14 16  9  5
14| 15 13 10  6
15| 16 14 11  7
16| 12 15 13  8

21
  |  K  S  H  L
--+------------
 1|  2  4  5  9
 2|  1  3  6 10
 3|  4  2  7 11
 4|  3  1  8 12
 5|  6  8  1 13
 6|  5  7  2 14
 7|  8  6  3 15
 8|  7  5  4 16
 9| 13 10 12  1
10|  9 11 14  2
11| 12 15 10  3
12| 11  9 16  4
13| 14 16  9  5
14| 10 13 15  6
15| 16 14 11  7
16| 15 12 13  8

22
  |  K  S  H  L
--+------------
 1|  2  4  5  9
 2|  1  3  6 10
 3|  4  2  7 11
 4|  3  1  8 12
 5|  6  8  1 13
 6|  5  7  2 14
 7|  8  6  3 15
 8|  7  5  4 16
 9| 13 10 12  1
10|  9 11 14  2
11| 15 12 10  3
12| 11  9 16  4
13| 14 16  9  5
14| 10 13 15  6
15| 16 14 11  7
16| 12 15 13  8

23
  |  K  S  H  L
--+------------
 1|  2  4  5  9
 2|  1  3  6 10
 3|  4  2  7 11
 4|  3  1  8 12
 5|  6  8  1 13
 6|  5  7  2 14
 7|  8  6  3 15
 8|  7  5  4 16
 9| 13 10 12  1
10|  9 11 14  2
11| 15 12 10  3
12| 11  9 16  4
13| 14 16  9  5
14| 10 15 13  6
15| 16 14 11  7
16| 12 13 15  8

24
  |  K  S  H  L
--+------------
 1|  2  4  5  9
 2|  1  3  6 10
 3|  4  2  7 11
 4|  3  1  8 12
 5|  6  8  1 13
 6|  5  7  2 14
 7|  8  6  3 15
 8|  7  5  4 16
 9| 12 13 10  1
10|  9 11 14  2
11| 10 12 15  3
12| 11  9 16  4
13| 14 16  9  5
14| 15 10 13  6
15| 16 14 11  7
16| 13 15 12  8

25
  |  K  S  H  L
--+------------
 1|  2  4  5  9
 2|  1  3  6 10
 3|  4  2  7 11
 4|  3  1  8 12
 5|  6  8  1 13
 6|  5  7  2 14
 7|  8  6  3 15
 8|  7  5  4 16
 9| 12 13 10  1
10|  9 11 14  2
11| 10 15 12  3
12| 11  9 16  4
13| 14 16  9  5
14| 13 10 15  6
15| 16 14 11  7
16| 15 12 13  8

26
  |  K  S  H  L
--+------------
 1|  2  4  5  9
 2|  1  3  6 10
 3|  4  2  7 11
 4|  3  1  8 12
 5|  6  8  1 13
 6|  5  7  2 14
 7|  8  6  3 15
 8|  7  5  4 16
 9| 12 13 10  1
10|  9 11 14  2
11| 10 15 12  3
12| 11  9 16  4
13| 14 16  9  5
14| 15 10 13  6
15| 16 14 11  7
16| 13 12 15  8

27
  |  K  S  H  L
--+------------
 1|  2  4  5  9
 2|  1  3  6 10
 3|  4  2  7 11
 4|  3  1  8 12
 5|  6  8  1 13
 6|  5  7  2 14
 7|  8  6  3 15
 8|  7  5  4 16
 9| 12 13 10  1
10|  9 11 14  2
11| 15 10 12  3
12| 11  9 16  4
13| 14 16  9  5
14| 10 15 13  6
15| 16 14 11  7
16| 13 12 15  8

28
  |  K  S  H  L
--+------------
 1|  2  4  5  9
 2|  1  3  6 10
 3|  4  2  7 11
 4|  3  1  8 12
 5|  6  8  1 13
 6|  5  7  2 14
 7|  8  6  3 15
 8|  7  5  4 16
 9| 13 12 10  1
10|  9 11 14  2
11| 10 15 12  3
12| 11  9 16  4
13| 14 16  9  5
14| 15 10 13  6
15| 16 14 11  7
16| 12 13 15  8

29
  |  K  S  H  L
--+------------
 1|  2  4  5  9
 2|  1  3  6 10
 3|  4  2  7 11
 4|  3  1  8 12
 5|  6  8  1 13
 6|  5  7  2 14
 7|  8  6  3 15
 8|  7  5  4 16
 9| 13 12 10  1
10|  9 11 14  2
11| 12 10 15  3
12| 11  9 16  4
13| 14 16  9  5
14| 10 15 13  6
15| 16 14 11  7
16| 15 13 12  8

30
  |  K  S  H  L
--+------------
 1|  2  4  5  9
 2|  1  3  6 10
 3|  4  2  7 11
 4|  3  1  8 12
 5|  6  8  1 13
 6|  5  7  2 14
 7|  8  6  3 15
 8|  7  5  4 16
 9| 13 12 10  1
10|  9 11 14  2
11| 15 10 12  3
12| 11  9 16  4
13| 14 16  9  5
14| 10 13 15  6
15| 16 14 11  7
16| 12 15 13  8

31
  |  K  S  H  L
--+------------
 1|  2  4  5  9
 2|  1  3  6 10
 3|  4  2  7 11
 4|  3  1  8 12
 5|  6  8  1 13
 6|  5  7  2 14
 7|  8  6  3 15
 8|  7  5  4 16
 9| 13 12 10  1
10|  9 11 14  2
11| 15 10 12  3
12| 11  9 16  4
13| 14 16  9  5
14| 10 15 13  6
15| 16 14 11  7
16| 12 13 15  8

32
  |  K  S  H  L
--+------------
 1|  2  4  5  9
 2|  1  3  6 10
 3|  4  2  7 11
 4|  3  1  8 12
 5|  6  8  1 13
 6|  5  7  2 14
 7|  8 15  3  6
 8|  7  5  4 16
 9| 10 12 13  1
10|  9 11 14  2
11| 15 10 12  3
12| 11  9 16  4
13| 14 16  9  5
14| 13  6 10 15
15| 16 14 11  7
16| 12 13 15  8

33
  |  K  S  H  L
--+------------
 1|  2  4  5  9
 2|  1  3  6 10
 3|  4  2  7 11
 4|  3  1  8 12
 5|  6  8  1 13
 6|  5  7  2 14
 7|  8 15  3  6
 8|  7  5  4 16
 9| 13 12 10  1
10|  9 11 14  2
11| 15 10 12  3
12| 11  9 16  4
13| 14 16  9  5
14| 10  6 13 15
15| 16 14 11  7
16| 12 13 15  8

34
  |  K  S  H  L
--+------------
 1|  2  4  5  9
 2|  1  3  6 10
 3|  4  2  7 11
 4|  3  1  8 12
 5|  6  8  1 13
 6|  5  7  2 14
 7|  8 15  3  6
 8|  7  5  4 16
 9| 12 13 10  1
10|  9 11 14  2
11| 15 10 12  3
12| 11  9 16  4
13| 14 16  9  5
14| 10  6 13 15
15| 16 14 11  7
16| 13 12 15  8

35
  |  K  S  H  L
--+------------
 1|  2  4  5  9
 2|  1  3  6 10
 3|  4  2  7 11
 4|  3  1  8 12
 5|  6  8  1 13
 6|  5  7  2 14
 7|  8 15  3  6
 8|  7  5  4 16
 9| 13 10 12  1
10|  9 11 14  2
11| 15 12 10  3
12| 11  9 16  4
13| 14 16  9  5
14| 10  6 13 15
15| 16 14 11  7
16| 12 13 15  8

36
  |  K  S  H  L
--+------------
 1|  2  4  5  9
 2|  1  3  6 10
 3|  4  2  7 11
 4|  3  1  8 12
 5|  6  8  1 13
 6|  5  7  2 14
 7|  8 15  3  6
 8|  7  5  4 16
 9| 12 10 13  1
10|  9 11 14  2
11| 10 12 15  3
12| 11  9 16  4
13| 14 16  9  5
14| 13  6 10 15
15| 16 14 11  7
16| 15 13 12  8

37
  |  K  S  H  L
--+------------
 1|  2  4  5  9
 2|  1  3  6 10
 3|  4  2  7 11
 4|  3  1  8 12
 5|  6  8  1 13
 6|  5  7  2 14
 7|  8 15  3  6
 8|  7  5  4 16
 9| 10 12 13  1
10|  9 11 14  2
11| 12 10 15  3
12| 11  9 16  4
13| 14 16  9  5
14| 13  6 10 15
15| 16 14 11  7
16| 15 13 12  8

38
  |  K  S  H  L
--+------------
 1|  2  4  5  9
 2|  1  3  6 10
 3|  4  2  7 11
 4|  3  1  8 12
 5|  6  8  1 13
 6|  5  7  2 14
 7|  8 15  3  6
 8|  7  5  4 16
 9| 10 13 12  1
10|  9 11 14  2
11| 12 10 15  3
12| 11  9 16  4
13| 14 16  9  5
14| 13  6 10 15
15| 16 14 11  7
16| 15 12 13  8

39
  |  K  S  H  L
--+------------
 1|  2  4  5  9
 2|  1  3  6 10
 3|  4  2  7 11
 4|  3  1  8 12
 5|  6  8  1 13
 6|  5  7  2 14
 7|  8 15  3  6
 8|  7  5  4 16
 9| 13 12 10  1
10|  9 11 14  2
11| 12 10 15  3
12| 11  9 16  4
13| 14 16  9  5
14| 10  6 13 15
15| 16 14 11  7
16| 15 13 12  8

40
  |  K  S  H  L
--+------------
 1|  2  4  5  9
 2|  1  3  6 10
 3|  4  2  7 11
 4|  3  1  8 12
 5|  6 13  1  8
 6|  5  7  2 14
 7|  8  6  3 15
 8|  7  5  4 16
 9| 13 10 12  1
10|  9 11 14  2
11| 15 12 10  3
12| 11  9 16  4
13| 14 16  9  5
14| 10 15 13  6
15| 16 14 11  7
16| 12  8 15 13

41
  |  K  S  H  L
--+------------
 1|  2  4  5  9
 2|  1  3  6 10
 3|  4  2  7 11
 4|  3  1  8 12
 5|  6 13  1  8
 6|  5  7  2 14
 7|  8  6  3 15
 8|  7  5  4 16
 9| 13 12 10  1
10|  9 11 14  2
11| 12 10 15  3
12| 11  9 16  4
13| 14 16  9  5
14| 10 15 13  6
15| 16 14 11  7
16| 15  8 12 13

42
  |  K  S  H  L
--+------------
 1|  2  4  5  9
 2|  1  3  6 10
 3|  4  2  7 11
 4|  3  1  8 12
 5|  6 13  1  8
 6|  5  7  2 14
 7|  8  6  3 15
 8|  7  5  4 16
 9| 13 12 10  1
10|  9 11 14  2
11| 15 10 12  3
12| 11  9 16  4
13| 14 16  9  5
14| 10 15 13  6
15| 16 14 11  7
16| 12  8 15 13

43
  |  K  S  H  L
--+------------
 1|  2  4  5  9
 2|  1  3  6 10
 3|  4  2  7 11
 4|  3  1  8 12
 5|  6 13  1  8
 6|  5  7  2 14
 7|  8  6  3 15
 8|  7  5  4 16
 9| 13 12 10  1
10|  9 11 14  2
11| 10 15 12  3
12| 11  9 16  4
13| 14 16  9  5
14| 15 10 13  6
15| 16 14 11  7
16| 12  8 15 13

44
  |  K  S  H  L
--+------------
 1|  2  4  5  9
 2|  1  3  6 10
 3|  4  2  7 11
 4|  3  1  8 12
 5|  6 13  1  8
 6|  5  7  2 14
 7|  8  6  3 15
 8|  7  5  4 16
 9| 10 12 13  1
10|  9 11 14  2
11| 12 10 15  3
12| 11  9 16  4
13| 14 16  9  5
14| 13 15 10  6
15| 16 14 11  7
16| 15  8 12 13

45
  |  K  S  H  L
--+------------
 1|  2  4  5  9
 2|  1  3  6 10
 3|  4  2  7 11
 4|  3  1  8 12
 5|  6 13  1  8
 6|  5  7  2 14
 7|  8  6  3 15
 8|  7  5  4 16
 9| 10 12 13  1
10|  9 11 14  2
11| 12 15 10  3
12| 11  9 16  4
13| 14 16  9  5
14| 13 10 15  6
15| 16 14 11  7
16| 15  8 12 13

46
  |  K  S  H  L
--+------------
 1|  2  4  5  9
 2|  1  3  6 10
 3|  4  2  7 11
 4|  3  1  8 12
 5|  6 13  1  8
 6|  5  7  2 14
 7|  8  6  3 15
 8|  7  5  4 16
 9| 10 12 13  1
10|  9 11 14  2
11| 15 10 12  3
12| 11  9 16  4
13| 14 16  9  5
14| 13 15 10  6
15| 16 14 11  7
16| 12  8 15 13

47
  |  K  S  H  L
--+------------
 1|  2  4  5  9
 2|  1  3  6 10
 3|  4  2  7 11
 4|  3  1  8 12
 5|  6 13  1  8
 6|  5  7  2 14
 7|  8  6  3 15
 8|  7  5  4 16
 9| 12 10 13  1
10|  9 11 14  2
11| 10 12 15  3
12| 11  9 16  4
13| 14 16  9  5
14| 13 15 10  6
15| 16 14 11  7
16| 15  8 12 13

48
  |  K  S  H  L
--+------------
 1|  2  4  5  9
 2|  1  3  6 10
 3|  4  2  7 11
 4|  3  1  8 12
 5|  6 13  1  8
 6|  5  7  2 14
 7|  8 15  3  6
 8|  7  5  4 16
 9| 12 10 13  1
10|  9 11 14  2
11| 10 12 15  3
12| 11  9 16  4
13| 14 16  9  5
14| 15  6 10 13
15| 16 14 11  7
16| 13  8 12 15

49
  |  K  S  H  L
--+------------
 1|  2  4  5  9
 2|  1  3  6 10
 3|  4  2  7 11
 4|  3  1  8 12
 5|  6 13  1  8
 6|  5  7  2 14
 7|  8 15  3  6
 8|  7  5  4 16
 9| 12 10 13  1
10|  9 11 14  2
11| 15 12 10  3
12| 11  9 16  4
13| 14 16  9  5
14| 10  6 15 13
15| 16 14 11  7
16| 13  8 12 15

50
  |  K  S  H  L
--+------------
 1|  2  4  5  9
 2|  1  3  6 10
 3|  4  2  7 11
 4|  3  1  8 12
 5|  6 13  1  8
 6|  5  7  2 14
 7|  8 15  3  6
 8|  7  5  4 16
 9| 13 10 12  1
10|  9 11 14  2
11| 10 12 15  3
12| 11  9 16  4
13| 14 16  9  5
14| 15  6 10 13
15| 16 14 11  7
16| 12  8 13 15

51
  |  K  S  H  L
--+------------
 1|  2  4  5  9
 2|  1  3  6 10
 3|  4  2  7 11
 4|  3  1  8 12
 5|  6 13  1  8
 6|  5  7  2 14
 7|  8 15  3  6
 8|  7  5  4 16
 9| 13 10 12  1
10|  9 11 14  2
11| 15 12 10  3
12| 11  9 16  4
13| 14 16  9  5
14| 10  6 15 13
15| 16 14 11  7
16| 12  8 13 15

52
  |  K  S  H  L
--+------------
 1|  2  4  5  9
 2|  1  3  6 10
 3|  4  2  7 11
 4|  3  1  8 12
 5|  6 13  1  8
 6|  5  7  2 14
 7|  8 15  3  6
 8|  7  5  4 16
 9| 10 12 13  1
10|  9 11 14  2
11| 12 10 15  3
12| 11  9 16  4
13| 14 16  9  5
14| 15  6 10 13
15| 16 14 11  7
16| 13  8 12 15

53
  |  K  S  H  L
--+------------
 1|  2  4  5  9
 2|  1  3  6 10
 3|  4  2  7 11
 4|  3  1  8 12
 5|  6 13  1  8
 6|  5  7  2 14
 7|  8 15  3  6
 8|  7  5  4 16
 9| 13 12 10  1
10|  9 11 14  2
11| 15 10 12  3
12| 11  9 16  4
13| 14 16  9  5
14| 10  6 15 13
15| 16 14 11  7
16| 12  8 13 15

54
  |  K  S  H  L
--+------------
 1|  2  4  5  9
 2|  1  3  6 10
 3|  4  2  7 11
 4|  3  1  8 12
 5|  6 13  1  8
 6|  5  7  2 14
 7| 15  8  3  6
 8|  7  5  4 16
 9| 13 10 12  1
10|  9 11 14  2
11| 12 15 10  3
12| 11  9 16  4
13| 14 16  9  5
14| 10  6 15 13
15| 16 14 11  7
16|  8 12 13 15

55
  |  K  S  H  L
--+------------
 1|  2  4  5  9
 2|  1  3  6 10
 3|  4  2  7 11
 4|  3  1  8 12
 5|  6 13  1  8
 6|  5  7  2 14
 7|  8 15  3  6
 8|  7  5  4 16
 9| 12 10 13  1
10|  9 11 14  2
11| 10 12 15  3
12| 11  9 16  4
13| 14 16  9  5
14| 13  6 10 15
15| 16 14 11  7
16| 15  8 12 13

56
  |  K  S  H  L
--+------------
 1|  2  4  5  9
 2|  1  3  6 10
 3|  4  2  7 11
 4|  3  1  8 12
 5|  6 13  1  8
 6|  5  7  2 14
 7|  8 15  3  6
 8|  7  5  4 16
 9| 13 10 12  1
10|  9 11 14  2
11| 15 12 10  3
12| 11  9 16  4
13| 14 16  9  5
14| 10  6 13 15
15| 16 14 11  7
16| 12  8 15 13

57
  |  K  S  H  L
--+------------
 1|  2  4  5  9
 2|  1  3  6 10
 3|  4  2  7 11
 4|  3  1  8 12
 5|  6 13  1  8
 6|  5  7  2 14
 7|  8 15  3  6
 8|  7  5  4 16
 9| 10 12 13  1
10|  9 11 14  2
11| 12 10 15  3
12| 11  9 16  4
13| 14 16  9  5
14| 13  6 10 15
15| 16 14 11  7
16| 15  8 12 13

58
  |  K  S  H  L
--+------------
 1|  2  4  5  9
 2|  1  3  6 10
 3|  4  2  7 11
 4|  3  1  8 12
 5|  6 13  1  8
 6|  5  7  2 14
 7|  8 15  3  6
 8|  7  5  4 16
 9| 10 12 13  1
10|  9 11 14  2
11| 15 10 12  3
12| 11  9 16  4
13| 14 16  9  5
14| 13  6 10 15
15| 16 14 11  7
16| 12  8 15 13

59
  |  K  S  H  L
--+------------
 1|  2  4  5  9
 2|  1  3  6 10
 3|  4  2  7 11
 4|  3  1  8 12
 5|  6 13  1  8
 6|  5  7  2 14
 7|  8 15  3  6
 8|  7  5  4 16
 9| 13 12 10  1
10|  9 11 14  2
11| 12 10 15  3
12| 11  9 16  4
13| 14 16  9  5
14| 10  6 13 15
15| 16 14 11  7
16| 15  8 12 13

60
  |  K  S  H  L
--+------------
 1|  2  4  5  9
 2|  1  3  6 10
 3|  4  2  7 11
 4|  3  1  8 12
 5|  6 13  1  8
 6|  5  7  2 14
 7|  8 15  3  6
 8|  7  5  4 16
 9| 13 12 10  1
10|  9 11 14  2
11| 15 10 12  3
12| 11  9 16  4
13| 14 16  9  5
14| 10  6 13 15
15| 16 14 11  7
16| 12  8 15 13

61
  |  K  S  H  L
--+------------
 1|  2  4  5  9
 2|  1  3  6 10
 3|  4  2  7 11
 4|  3  1  8 12
 5|  6 13  1  8
 6|  5  7  2 14
 7| 15  8  3  6
 8|  7  5  4 16
 9| 13 12 10  1
10|  9 11 14  2
11| 12 10 15  3
12| 11  9 16  4
13| 14 16  9  5
14| 10  6 13 15
15| 16 14 11  7
16|  8 15 12 13

62
  |  K  S  H  L
--+------------
 1|  2  4  5  9
 2|  1  3  6 10
 3|  4  2  7 11
 4|  3  1  8 12
 5|  6 13  1  8
 6|  5  7  2 14
 7| 15  8  3  6
 8|  7  5  4 16
 9| 13 10 12  1
10|  9 11 14  2
11| 12 15 10  3
12| 11  9 16  4
13| 14 16  9  5
14| 10  6 13 15
15| 16 14 11  7
16|  8 12 15 13

63
  |  K  S  H  L
--+------------
 1|  2  4  5  9
 2|  1  3  6 10
 3|  4  2  7 11
 4|  3  1  8 12
 5|  6 13  1  8
 6|  5  7  2 14
 7| 15  8  3  6
 8|  7  5  4 16
 9| 10 12 13  1
10|  9 11 14  2
11| 12 10 15  3
12| 11  9 16  4
13| 14 16  9  5
14| 13  6 10 15
15| 16 14 11  7
16|  8 15 12 13

64
  |  K  S  H  L
--+------------
 1|  2  4  5  9
 2|  1  3  6 10
 3|  4  2  7 11
 4|  3  1  8 12
 5|  6 13  1  8
 6|  5  7  2 14
 7| 15  8  3  6
 8|  7  5  4 16
 9| 12 10 13  1
10|  9 11 14  2
11| 10 12 15  3
12| 11  9 16  4
13| 14 16  9  5
14| 13  6 10 15
15| 16 14 11  7
16|  8 15 12 13

65
  |  K  S  H  L
--+------------
 1|  2  4  5  9
 2|  1  3  6 10
 3|  4  2  7 11
 4|  3  1  8 12
 5|  6 13  1  8
 6|  5  7  2 14
 7| 15  8  3  6
 8|  7  5  4 16
 9| 12 10 13  1
10|  9 11 14  2
11| 10 15 12  3
12| 11  9 16  4
13| 14 16  9  5
14| 13  6 10 15
15| 16 14 11  7
16|  8 12 15 13

66
  |  K  S  H  L
--+------------
 1|  2  4  5  9
 2|  1  3  6 10
 3|  4  2  7 11
 4|  3  1  8 12
 5|  8  6  1 13
 6|  5  7  2 14
 7|  6 15  3  8
 8|  7  5  4 16
 9| 13 12 10  1
10|  9 11 14  2
11| 15 10 12  3
12| 11  9 16  4
13| 14 16  9  5
14| 10 13 15  6
15| 16 14 11  7
16| 12  8 13 15

67
  |  K  S  H  L
--+------------
 1|  2  4  5  9
 2|  1  3  6 10
 3|  4  2  7 11
 4|  3  1  8 12
 5|  8  6  1 13
 6|  5  7  2 14
 7|  6 15  3  8
 8|  7  5  4 16
 9| 12 10 13  1
10|  9 11 14  2
11| 15 12 10  3
12| 11  9 16  4
13| 14 16  9  5
14| 10 13 15  6
15| 16 14 11  7
16| 13  8 12 15

68
  |  K  S  H  L
--+------------
 1|  2  4  5  9
 2|  1  3  6 10
 3|  4  2  7 11
 4|  3  1  8 12
 5|  8  6  1 13
 6|  5  7  2 14
 7|  6 15  3  8
 8|  7  5  4 16
 9| 13 10 12  1
10|  9 11 14  2
11| 15 12 10  3
12| 11  9 16  4
13| 14 16  9  5
14| 10 13 15  6
15| 16 14 11  7
16| 12  8 13 15

69
  |  K  S  H  L
--+------------
 1|  2  4  5  9
 2|  1  3  6 10
 3|  4  2  7 11
 4|  3  1  8 12
 5|  8  6  1 13
 6|  5  7  2 14
 7|  6 15  3  8
 8|  7  5  4 16
 9| 10 13 12  1
10|  9 11 14  2
11| 15 12 10  3
12| 11  9 16  4
13| 14 16  9  5
14| 13 10 15  6
15| 16 14 11  7
16| 12  8 13 15

70
  |  K  S  H  L
--+------------
 1|  2  4  5  9
 2|  1  3  6 10
 3|  4  2  7 11
 4|  3  1  8 12
 5|  8  6  1 13
 6|  5  7  2 14
 7|  6 15  3  8
 8|  7  5  4 16
 9| 12 10 13  1
10|  9 11 14  2
11| 10 12 15  3
12| 11  9 16  4
13| 14 16  9  5
14| 15 13 10  6
15| 16 14 11  7
16| 13  8 12 15

71
  |  K  S  H  L
--+------------
 1|  2  4  5  9
 2|  1  3  6 10
 3|  4  2  7 11
 4|  3  1  8 12
 5|  8  6  1 13
 6|  5  7  2 14
 7|  6 15  3  8
 8|  7  5  4 16
 9| 12 13 10  1
10|  9 11 14  2
11| 10 12 15  3
12| 11  9 16  4
13| 14 16  9  5
14| 15 10 13  6
15| 16 14 11  7
16| 13  8 12 15

72
  |  K  S  H  L
--+------------
 1|  2  4  5  9
 2|  1  3  6 10
 3|  4  2  7 11
 4|  3  1  8 12
 5|  8  6  1 13
 6|  5  7  2 14
 7|  6 15  3  8
 8|  7  5  4 16
 9| 13 10 12  1
10|  9 11 14  2
11| 10 12 15  3
12| 11  9 16  4
13| 14 16  9  5
14| 15 13 10  6
15| 16 14 11  7
16| 12  8 13 15

73
  |  K  S  H  L
--+------------
 1|  2  4  5  9
 2|  1  3  6 10
 3|  4  2  7 11
 4|  3  1  8 12
 5|  8  6  1 13
 6|  5  7  2 14
 7|  6 15  3  8
 8|  7  5  4 16
 9| 10 12 13  1
10|  9 11 14  2
11| 12 10 15  3
12| 11  9 16  4
13| 14 16  9  5
14| 15 13 10  6
15| 16 14 11  7
16| 13  8 12 15

74
  |  K  S  H  L
--+------------
 1|  2  4  5  9
 2|  1  3  6 10
 3|  4  2  7 11
 4|  3  1  8 12
 5|  8  6  1 13
 6|  5  7  2 14
 7|  6  8  3 15
 8|  7  5  4 16
 9| 10 12 13  1
10|  9 11 14  2
11| 15 10 12  3
12| 11  9 16  4
13| 14 16  9  5
14| 13 15 10  6
15| 16 14 11  7
16| 12 13 15  8

75
  |  K  S  H  L
--+------------
 1|  2  4  5  9
 2|  1  3  6 10
 3|  4  2  7 11
 4|  3  1  8 12
 5|  8  6  1 13
 6|  5  7  2 14
 7|  6  8  3 15
 8|  7  5  4 16
 9| 10 12 13  1
10|  9 11 14  2
11| 12 10 15  3
12| 11  9 16  4
13| 14 16  9  5
14| 13 15 10  6
15| 16 14 11  7
16| 15 13 12  8

76
  |  K  S  H  L
--+------------
 1|  2  4  5  9
 2|  1  3  6 10
 3|  4  2  7 11
 4|  3  1  8 12
 5|  8  6  1 13
 6|  5  7  2 14
 7|  6  8  3 15
 8|  7  5  4 16
 9| 10 12 13  1
10|  9 11 14  2
11| 12 10 15  3
12| 11  9 16  4
13| 14 16  9  5
14| 15 13 10  6
15| 16 14 11  7
16| 13 15 12  8

77
  |  K  S  H  L
--+------------
 1|  2  4  5  9
 2|  1  3  6 10
 3|  4  2  7 11
 4|  3  1  8 12
 5|  8  6  1 13
 6|  5  7  2 14
 7|  6  8  3 15
 8|  7  5  4 16
 9| 10 12 13  1
10|  9 11 14  2
11| 12 15 10  3
12| 11  9 16  4
13| 14 16  9  5
14| 13 10 15  6
15| 16 14 11  7
16| 15 13 12  8

78
  |  K  S  H  L
--+------------
 1|  2  4  5  9
 2|  1  3  6 10
 3|  4  2  7 11
 4|  3  1  8 12
 5|  8  6  1 13
 6|  5  7  2 14
 7|  6  8  3 15
 8|  7  5  4 16
 9| 10 13 12  1
10|  9 11 14  2
11| 12 10 15  3
12| 11  9 16  4
13| 14 16  9  5
14| 13 15 10  6
15| 16 14 11  7
16| 15 12 13  8

79
  |  K  S  H  L
--+------------
 1|  2  4  5  9
 2|  1  3  6 10
 3|  4  2  7 11
 4|  3  1  8 12
 5|  8  6  1 13
 6|  5  7  2 14
 7|  6  8  3 15
 8|  7  5  4 16
 9| 10 13 12  1
10|  9 11 14  2
11| 15 12 10  3
12| 11  9 16  4
13| 14 16  9  5
14| 13 10 15  6
15| 16 14 11  7
16| 12 15 13  8

80
  |  K  S  H  L
--+------------
 1|  2  4  5  9
 2|  1  3  6 10
 3|  4  2  7 11
 4|  3  1  8 12
 5|  8  6  1 13
 6|  5  7  2 14
 7|  6  8  3 15
 8|  7  5  4 16
 9| 10 13 12  1
10|  9 11 14  2
11| 12 15 10  3
12| 11  9 16  4
13| 14 16  9  5
14| 13 10 15  6
15| 16 14 11  7
16| 15 12 13  8

81
  |  K  S  H  L
--+------------
 1|  2  4  5  9
 2|  1  3  6 10
 3|  4  2  7 11
 4|  3  1  8 12
 5|  8  6  1 13
 6|  5  7  2 14
 7|  6  8  3 15
 8|  7  5  4 16
 9| 10 13 12  1
10|  9 11 14  2
11| 12 15 10  3
12| 11  9 16  4
13| 14 16  9  5
14| 15 10 13  6
15| 16 14 11  7
16| 13 12 15  8

82
  |  K  S  H  L
--+------------
 1|  2  4  5  9
 2|  1  3  6 10
 3|  4  2  7 11
 4|  3  1  8 12
 5|  8  6  1 13
 6|  5  7  2 14
 7|  6  8  3 15
 8|  7  5  4 16
 9| 12 10 13  1
10|  9 11 14  2
11| 10 15 12  3
12| 11  9 16  4
13| 14 16  9  5
14| 15 13 10  6
15| 16 14 11  7
16| 13 12 15  8

83
  |  K  S  H  L
--+------------
 1|  2  4  5  9
 2|  1  3  6 10
 3|  4  2  7 11
 4|  3  1  8 12
 5|  8  6  1 13
 6|  5  7  2 14
 7|  6  8  3 15
 8|  7  5  4 16
 9| 12 10 13  1
10|  9 11 14  2
11| 10 12 15  3
12| 11  9 16  4
13| 14 16  9  5
14| 13 15 10  6
15| 16 14 11  7
16| 15 13 12  8

84
  |  K  S  H  L
--+------------
 1|  2  4  5  9
 2|  1  3  6 10
 3|  4  2  7 11
 4|  3  1  8 12
 5|  8  6  1 13
 6|  5  7  2 14
 7|  6  8  3 15
 8|  7  5  4 16
 9| 12 10 13  1
10|  9 11 14  2
11| 10 12 15  3
12| 11  9 16  4
13| 14 16  9  5
14| 15 13 10  6
15| 16 14 11  7
16| 13 15 12  8

85
  |  K  S  H  L
--+------------
 1|  2  4  5  9
 2|  1  3  6 10
 3|  4  2  7 11
 4|  3  1  8 12
 5|  8  6  1 13
 6|  5  7  2 14
 7|  6  8  3 15
 8|  7  5  4 16
 9| 12 10 13  1
10|  9 11 14  2
11| 15 12 10  3
12| 11  9 16  4
13| 14 16  9  5
14| 10 13 15  6
15| 16 14 11  7
16| 13 15 12  8

86
  |  K  S  H  L
--+------------
 1|  2  4  5  9
 2|  1  3  6 10
 3|  4  2  7 11
 4|  3  1  8 12
 5|  8  6  1 13
 6|  5  7  2 14
 7|  6  8  3 15
 8|  7  5  4 16
 9| 13 10 12  1
10|  9 11 14  2
11| 10 12 15  3
12| 11  9 16  4
13| 14 16  9  5
14| 15 13 10  6
15| 16 14 11  7
16| 12 15 13  8

87
  |  K  S  H  L
--+------------
 1|  2  4  5  9
 2|  1  3  6 10
 3|  4  2  7 11
 4|  3  1  8 12
 5|  8  6  1 13
 6|  5  7  2 14
 7|  6  8  3 15
 8|  7  5  4 16
 9| 13 10 12  1
10|  9 11 14  2
11| 12 15 10  3
12| 11  9 16  4
13| 14 16  9  5
14| 10 13 15  6
15| 16 14 11  7
16| 15 12 13  8

88
  |  K  S  H  L
--+------------
 1|  2  4  5  9
 2|  1  3  6 10
 3|  4  2  7 11
 4|  3  1  8 12
 5|  8  6  1 13
 6|  5  7  2 14
 7|  6  8  3 15
 8|  7  5  4 16
 9| 13 10 12  1
10|  9 11 14  2
11| 15 12 10  3
12| 11  9 16  4
13| 14 16  9  5
14| 10 13 15  6
15| 16 14 11  7
16| 12 15 13  8

89
  |  K  S  H  L
--+------------
 1|  2  4  5  9
 2|  1  3  6 10
 3|  4  2  7 11
 4|  3  1  8 12
 5|  8  6  1 13
 6|  5  7  2 14
 7|  6  8  3 15
 8|  7  5  4 16
 9| 13 10 12  1
10|  9 11 14  2
11| 15 12 10  3
12| 11  9 16  4
13| 14 16  9  5
14| 10 15 13  6
15| 16 14 11  7
16| 12 13 15  8

90
  |  K  S  H  L
--+------------
 1|  2  4  5  9
 2|  1  3  6 10
 3|  4  2  7 11
 4|  3  1  8 12
 5|  8  6  1 13
 6|  5  7  2 14
 7|  6  8  3 15
 8|  7  5  4 16
 9| 12 13 10  1
10|  9 11 14  2
11| 10 12 15  3
12| 11  9 16  4
13| 14 16  9  5
14| 15 10 13  6
15| 16 14 11  7
16| 13 15 12  8

91
  |  K  S  H  L
--+------------
 1|  2  4  5  9
 2|  1  3  6 10
 3|  4  2  7 11
 4|  3  1  8 12
 5|  8  6  1 13
 6|  5  7  2 14
 7|  6  8  3 15
 8|  7  5  4 16
 9| 12 13 10  1
10|  9 11 14  2
11| 10 15 12  3
12| 11  9 16  4
13| 14 16  9  5
14| 13 10 15  6
15| 16 14 11  7
16| 15 12 13  8

92
  |  K  S  H  L
--+------------
 1|  2  4  5  9
 2|  1  3  6 10
 3|  4  2  7 11
 4|  3  1  8 12
 5|  8  6  1 13
 6|  5  7  2 14
 7|  6  8  3 15
 8|  7  5  4 16
 9| 12 13 10  1
10|  9 11 14  2
11| 10 15 12  3
12| 11  9 16  4
13| 14 16  9  5
14| 15 10 13  6
15| 16 14 11  7
16| 13 12 15  8

93
  |  K  S  H  L
--+------------
 1|  2  4  5  9
 2|  1  3  6 10
 3|  4  2  7 11
 4|  3  1  8 12
 5|  8  6  1 13
 6|  5  7  2 14
 7|  6  8  3 15
 8|  7  5  4 16
 9| 12 13 10  1
10|  9 11 14  2
11| 15 10 12  3
12| 11  9 16  4
13| 14 16  9  5
14| 10 15 13  6
15| 16 14 11  7
16| 13 12 15  8

94
  |  K  S  H  L
--+------------
 1|  2  4  5  9
 2|  1  3  6 10
 3|  4  2  7 11
 4|  3  1  8 12
 5|  8  6  1 13
 6|  5  7  2 14
 7|  6  8  3 15
 8|  7  5  4 16
 9| 13 12 10  1
10|  9 11 14  2
11| 10 15 12  3
12| 11  9 16  4
13| 14 16  9  5
14| 15 10 13  6
15| 16 14 11  7
16| 12 13 15  8

95
  |  K  S  H  L
--+------------
 1|  2  4  5  9
 2|  1  3  6 10
 3|  4  2  7 11
 4|  3  1  8 12
 5|  8  6  1 13
 6|  5  7  2 14
 7|  6  8  3 15
 8|  7  5  4 16
 9| 13 12 10  1
10|  9 11 14  2
11| 12 10 15  3
12| 11  9 16  4
13| 14 16  9  5
14| 10 15 13  6
15| 16 14 11  7
16| 15 13 12  8

96
  |  K  S  H  L
--+------------
 1|  2  4  5  9
 2|  1  3  6 10
 3|  4  2  7 11
 4|  3  1  8 12
 5|  8  6  1 13
 6|  5  7  2 14
 7|  6  8  3 15
 8|  7  5  4 16
 9| 13 12 10  1
10|  9 11 14  2
11| 15 10 12  3
12| 11  9 16  4
13| 14 16  9  5
14| 10 13 15  6
15| 16 14 11  7
16| 12 15 13  8

97
  |  K  S  H  L
--+------------
 1|  2  4  5  9
 2|  1  3  6 10
 3|  4  2  7 11
 4|  3  1  8 12
 5|  8  6  1 13
 6|  5  7  2 14
 7|  6  8  3 15
 8|  7  5  4 16
 9| 13 12 10  1
10|  9 11 14  2
11| 15 10 12  3
12| 11  9 16  4
13| 14 16  9  5
14| 10 15 13  6
15| 16 14 11  7
16| 12 13 15  8

98
  |  K  S  H  L
--+------------
 1|  2  4  5  9
 2|  1  3  6 10
 3|  4  2  7 11
 4|  3  1  8 12
 5|  8  6  1 13
 6|  5  7  2 14
 7| 15  8  3  6
 8|  7  5  4 16
 9| 12 10 13  1
10|  9 11 14  2
11| 10 15 12  3
12| 11  9 16  4
13| 14 16  9  5
14|  6 13 10 15
15| 16 14 11  7
16| 13 12 15  8

99
  |  K  S  H  L
--+------------
 1|  2  4  5  9
 2|  1  3  6 10
 3|  4  2  7 11
 4|  3  1  8 12
 5|  8  6  1 13
 6|  5  7  2 14
 7| 15  8  3  6
 8|  7  5  4 16
 9| 12 13 10  1
10|  9 11 14  2
11| 10 15 12  3
12| 11  9 16  4
13| 14 16  9  5
14|  6 10 13 15
15| 16 14 11  7
16| 13 12 15  8

100
  |  K  S  H  L
--+------------
 1|  2  4  5  9
 2|  1  3  6 10
 3|  4  2  7 11
 4|  3  1  8 12
 5|  8  6  1 13
 6|  5  7  2 14
 7| 15  8  3  6
 8|  7  5  4 16
 9| 13 12 10  1
10|  9 11 14  2
11| 10 15 12  3
12| 11  9 16  4
13| 14 16  9  5
14|  6 10 13 15
15| 16 14 11  7
16| 12 13 15  8

101
  |  K  S  H  L
--+------------
 1|  2  4  5  9
 2|  1  3  6 10
 3|  4  2  7 11
 4|  3  1  8 12
 5|  8  6  1 13
 6|  5  7  2 14
 7| 15  8  3  6
 8|  7  5  4 16
 9| 10 13 12  1
10|  9 11 14  2
11| 12 15 10  3
12| 11  9 16  4
13| 14 16  9  5
14|  6 10 13 15
15| 16 14 11  7
16| 13 12 15  8

102
  |  K  S  H  L
--+------------
 1|  2  4  5  9
 2|  1  3  6 10
 3|  4  2  7 11
 4|  3  1  8 12
 5|  8  6  1 13
 6|  5  7  2 14
 7| 15  8  3  6
 8|  7  5  4 16
 9| 12 10 13  1
10|  9 11 14  2
11| 10 12 15  3
12| 11  9 16  4
13| 14 16  9  5
14|  6 13 10 15
15| 16 14 11  7
16| 13 15 12  8

103
  |  K  S  H  L
--+------------
 1|  2  4  5  9
 2|  1  3  6 10
 3|  4  2  7 11
 4|  3  1  8 12
 5|  8  6  1 13
 6|  5  7  2 14
 7| 15  8  3  6
 8|  7  5  4 16
 9| 12 13 10  1
10|  9 11 14  2
11| 10 12 15  3
12| 11  9 16  4
13| 14 16  9  5
14|  6 10 13 15
15| 16 14 11  7
16| 13 15 12  8

104
  |  K  S  H  L
--+------------
 1|  2  4  5  9
 2|  1  3  6 10
 3|  4  2  7 11
 4|  3  1  8 12
 5|  8  6  1 13
 6|  5  7  2 14
 7| 15  8  3  6
 8|  7  5  4 16
 9| 13 10 12  1
10|  9 11 14  2
11| 10 12 15  3
12| 11  9 16  4
13| 14 16  9  5
14|  6 13 10 15
15| 16 14 11  7
16| 12 15 13  8

105
  |  K  S  H  L
--+------------
 1|  2  4  5  9
 2|  1  3  6 10
 3|  4  2  7 11
 4|  3  1  8 12
 5|  8  6  1 13
 6|  5  7  2 14
 7| 15  8  3  6
 8|  7  5  4 16
 9| 10 12 13  1
10|  9 11 14  2
11| 12 10 15  3
12| 11  9 16  4
13| 14 16  9  5
14|  6 13 10 15
15| 16 14 11  7
16| 13 15 12  8

106
  |  K  S  H  L
--+------------
 1|  2  4  5  9
 2|  1  3  6 10
 3|  4  2  7 11
 4|  3  1  8 12
 5| 13  6  1  8
 6|  5  7  2 14
 7|  6  8  3 15
 8|  7  5  4 16
 9| 10 13 12  1
10|  9 11 14  2
11| 12 15 10  3
12| 11  9 16  4
13| 14 16  9  5
14| 15 10 13  6
15| 16 14 11  7
16|  8 12 15 13

107
  |  K  S  H  L
--+------------
 1|  2  4  5  9
 2|  1  3  6 10
 3|  4  2  7 11
 4|  3  1  8 12
 5| 13  6  1  8
 6|  5  7  2 14
 7|  6  8  3 15
 8|  7  5  4 16
 9| 12 13 10  1
10|  9 11 14  2
11| 10 12 15  3
12| 11  9 16  4
13| 14 16  9  5
14| 15 10 13  6
15| 16 14 11  7
16|  8 15 12 13

108
  |  K  S  H  L
--+------------
 1|  2  4  5  9
 2|  1  3  6 10
 3|  4  2  7 11
 4|  3  1  8 12
 5| 13  6  1  8
 6|  5  7  2 14
 7|  6  8  3 15
 8|  7  5  4 16
 9| 12 13 10  1
10|  9 11 14  2
11| 10 15 12  3
12| 11  9 16  4
13| 14 16  9  5
14| 15 10 13  6
15| 16 14 11  7
16|  8 12 15 13

109
  |  K  S  H  L
--+------------
 1|  2  4  5  9
 2|  1  3  6 10
 3|  4  2  7 11
 4|  3  1  8 12
 5| 13  6  1  8
 6|  5  7  2 14
 7|  6  8  3 15
 8|  7  5  4 16
 9| 12 13 10  1
10|  9 11 14  2
11| 15 10 12  3
12| 11  9 16  4
13| 14 16  9  5
14| 10 15 13  6
15| 16 14 11  7
16|  8 12 15 13

110
  |  K  S  H  L
--+------------
 1|  2  4  5  9
 2|  1  3  6 10
 3|  4  2  7 11
 4|  3  1  8 12
 5| 13  6  1  8
 6|  5  7  2 14
 7|  6  8  3 15
 8|  7  5  4 16
 9| 10 12 13  1
10|  9 11 14  2
11| 12 10 15  3
12| 11  9 16  4
13| 14 16  9  5
14| 15 13 10  6
15| 16 14 11  7
16|  8 15 12 13

111
  |  K  S  H  L
--+------------
 1|  2  4  5  9
 2|  1  3  6 10
 3|  4  2  7 11
 4|  3  1  8 12
 5| 13  6  1  8
 6|  5  7  2 14
 7|  6  8  3 15
 8|  7  5  4 16
 9| 12 10 13  1
10|  9 11 14  2
11| 10 12 15  3
12| 11  9 16  4
13| 14 16  9  5
14| 15 13 10  6
15| 16 14 11  7
16|  8 15 12 13

112
  |  K  S  H  L
--+------------
 1|  2  4  5  9
 2|  1  3  6 10
 3|  4  2  7 11
 4|  3  1  8 12
 5| 13  6  1  8
 6|  5  7  2 14
 7|  6  8  3 15
 8|  7  5  4 16
 9| 12 10 13  1
10|  9 11 14  2
11| 10 15 12  3
12| 11  9 16  4
13| 14 16  9  5
14| 15 13 10  6
15| 16 14 11  7
16|  8 12 15 13

113
  |  K  S  H  L
--+------------
 1|  2  4  5  9
 2|  1  3  6 10
 3|  4  2  7 11
 4|  3  1  8 12
 5| 13  6  1  8
 6|  5  7  2 14
 7|  6  8  3 15
 8|  7  5  4 16
 9| 12 10 13  1
10|  9 11 14  2
11| 15 12 10  3
12| 11  9 16  4
13| 14 16  9  5
14| 10 13 15  6
15| 16 14 11  7
16|  8 15 12 13

114
  |  K  S  H  L
--+------------
 1|  2  4  5  9
 2|  1  3  6 10
 3|  4  2  7 11
 4|  3  1  8 12
 5| 13  6  1  8
 6|  5  7  2 14
 7|  8 15  3  6
 8|  7  5  4 16
 9| 10 13 12  1
10|  9 11 14  2
11| 15 12 10  3
12| 11  9 16  4
13| 14 16  9  5
14|  6 10 15 13
15| 16 14 11  7
16| 12  8 13 15

115
  |  K  S  H  L
--+------------
 1|  2  4  5  9
 2|  1  3  6 10
 3|  4  2  7 11
 4|  3  1  8 12
 5| 13  6  1  8
 6|  5  7  2 14
 7| 15  8  3  6
 8|  7  5  4 16
 9| 10 12 13  1
10|  9 11 14  2
11| 12 10 15  3
12| 11  9 16  4
13| 14 16  9  5
14|  6 15 10 13
15| 16 14 11  7
16|  8 13 12 15

116
  |  K  S  H  L
--+------------
 1|  2  4  5  9
 2|  1  3  6 10
 3|  4  2  7 11
 4|  3  1  8 12
 5| 13  6  1  8
 6|  5  7  2 14
 7| 15  8  3  6
 8|  7  5  4 16
 9| 10 12 13  1
10|  9 11 14  2
11| 12 15 10  3
12| 11  9 16  4
13| 14 16  9  5
14|  6 10 15 13
15| 16 14 11  7
16|  8 13 12 15

117
  |  K  S  H  L
--+------------
 1|  2  4  5  9
 2|  1  3  6 10
 3|  4  2  7 11
 4|  3  1  8 12
 5| 13  6  1  8
 6|  5  7  2 14
 7| 15  8  3  6
 8|  7  5  4 16
 9| 10 13 12  1
10|  9 11 14  2
11| 12 10 15  3
12| 11  9 16  4
13| 14 16  9  5
14|  6 15 10 13
15| 16 14 11  7
16|  8 12 13 15

118
  |  K  S  H  L
--+------------
 1|  2  4  5  9
 2|  1  3  6 10
 3|  4  2  7 11
 4|  3  1  8 12
 5| 13  6  1  8
 6|  5  7  2 14
 7| 15  8  3  6
 8|  7  5  4 16
 9| 10 13 12  1
10|  9 11 14  2
11| 12 15 10  3
12| 11  9 16  4
13| 14 16  9  5
14|  6 10 15 13
15| 16 14 11  7
16|  8 12 13 15

119
  |  K  S  H  L
--+------------
 1|  2  4  5  9
 2|  1  3  6 10
 3|  4  2  7 11
 4|  3  1  8 12
 5| 13  6  1  8
 6|  5  7  2 14
 7| 15  8  3  6
 8|  7  5  4 16
 9| 12 10 13  1
10|  9 11 14  2
11| 10 12 15  3
12| 11  9 16  4
13| 14 16  9  5
14|  6 15 10 13
15| 16 14 11  7
16|  8 13 12 15

120
  |  K  S  H  L
--+------------
 1|  2  4  5  9
 2|  1  3  6 10
 3|  4  2  7 11
 4|  3  1  8 12
 5| 13  6  1  8
 6|  5  7  2 14
 7| 15  8  3  6
 8|  7  5  4 16
 9| 12 13 10  1
10|  9 11 14  2
11| 10 15 12  3
12| 11  9 16  4
13| 14 16  9  5
14|  6 10 15 13
15| 16 14 11  7
16|  8 12 13 15

121
  |  K  S  H  L
--+------------
 1|  2  4  5  9
 2|  1  3  6 10
 3|  4  2  7 11
 4|  3  1  8 12
 5| 13  6  1  8
 6|  5  7  2 14
 7|  8 15  3  6
 8|  7  5  4 16
 9| 12 13 10  1
10|  9 11 14  2
11| 10 12 15  3
12| 11  9 16  4
13| 14 16  9  5
14|  6 10 13 15
15| 16 14 11  7
16| 15  8 12 13

122
  |  K  S  H  L
--+------------
 1|  2  4  5  9
 2|  1  3  6 10
 3|  4  2  7 11
 4|  3  1  8 12
 5| 13  6  1  8
 6|  5  7  2 14
 7|  8 15  3  6
 8|  7  5  4 16
 9| 10 13 12  1
10|  9 11 14  2
11| 15 12 10  3
12| 11  9 16  4
13| 14 16  9  5
14|  6 10 13 15
15| 16 14 11  7
16| 12  8 15 13

123
  |  K  S  H  L
--+------------
 1|  2  4  5  9
 2|  1  3  6 10
 3|  4  2  7 11
 4|  3  1  8 12
 5| 13  6  1  8
 6|  5  7  2 14
 7|  8 15  3  6
 8|  7  5  4 16
 9| 12 10 13  1
10|  9 11 14  2
11| 10 12 15  3
12| 11  9 16  4
13| 14 16  9  5
14|  6 13 10 15
15| 16 14 11  7
16| 15  8 12 13

124
  |  K  S  H  L
--+------------
 1|  2  4  5  9
 2|  1  3  6 10
 3|  4  2  7 11
 4|  3  1  8 12
 5| 13  6  1  8
 6|  5  7  2 14
 7|  8 15  3  6
 8|  7  5  4 16
 9| 10 12 13  1
10|  9 11 14  2
11| 12 10 15  3
12| 11  9 16  4
13| 14 16  9  5
14|  6 13 10 15
15| 16 14 11  7
16| 15  8 12 13

125
  |  K  S  H  L
--+------------
 1|  2  4  5  9
 2|  1  3  6 10
 3|  4  2  7 11
 4|  3  1  8 12
 5| 13  6  1  8
 6|  5  7  2 14
 7|  8 15  3  6
 8|  7  5  4 16
 9| 10 12 13  1
10|  9 11 14  2
11| 15 10 12  3
12| 11  9 16  4
13| 14 16  9  5
14|  6 13 10 15
15| 16 14 11  7
16| 12  8 15 13

126
  |  K  S  H  L
--+------------
 1|  2  4  5  9
 2|  1  3  6 10
 3|  4  2  7 11
 4|  3  1  8 12
 5| 13  6  1  8
 6|  5  7  2 14
 7| 15  8  3  6
 8|  7  5  4 16
 9| 10 12 13  1
10|  9 11 14  2
11| 12 10 15  3
12| 11  9 16  4
13| 14 16  9  5
14|  6 13 10 15
15| 16 14 11  7
16|  8 15 12 13

127
  |  K  S  H  L
--+------------
 1|  2  4  5  9
 2|  1  3  6 10
 3|  4  2  7 11
 4|  3  1  8 12
 5| 13  6  1  8
 6|  5  7  2 14
 7| 15  8  3  6
 8|  7  5  4 16
 9| 10 13 12  1
10|  9 11 14  2
11| 12 15 10  3
12| 11  9 16  4
13| 14 16  9  5
14|  6 10 13 15
15| 16 14 11  7
16|  8 12 15 13

128
  |  K  S  H  L
--+------------
 1|  2  4  5  9
 2|  1  3  6 10
 3|  4  2  7 11
 4|  3  1  8 12
 5| 13  6  1  8
 6|  5  7  2 14
 7| 15  8  3  6
 8|  7  5  4 16
 9| 12 10 13  1
10|  9 11 14  2
11| 10 12 15  3
12| 11  9 16  4
13| 14 16  9  5
14|  6 13 10 15
15| 16 14 11  7
16|  8 15 12 13

129
  |  K  S  H  L
--+------------
 1|  2  4  5  9
 2|  1  3  6 10
 3|  4  2  7 11
 4|  3  1  8 12
 5| 13  6  1  8
 6|  5  7  2 14
 7| 15  8  3  6
 8|  7  5  4 16
 9| 12 10 13  1
10|  9 11 14  2
11| 10 15 12  3
12| 11  9 16  4
13| 14 16  9  5
14|  6 13 10 15
15| 16 14 11  7
16|  8 12 15 13

130
  |  K  S  H  L
--+------------
 1|  2  4  5  9
 2|  1  3  6 10
 3|  4  2  7 11
 4|  3  1  8 12
 5| 13  6  1  8
 6|  5  7  2 14
 7| 15  8  3  6
 8|  7  5  4 16
 9| 12 13 10  1
10|  9 11 14  2
11| 10 12 15  3
12| 11  9 16  4
13| 14 16  9  5
14|  6 10 13 15
15| 16 14 11  7
16|  8 15 12 13

131
  |  K  S  H  L
--+------------
 1|  2  4  5  9
 2|  1  3  6 10
 3|  4  2  7 11
 4|  3  1  8 12
 5| 13  6  1  8
 6|  5  7  2 14
 7| 15  8  3  6
 8|  7  5  4 16
 9| 12 13 10  1
10|  9 11 14  2
11| 10 15 12  3
12| 11  9 16  4
13| 14 16  9  5
14|  6 10 13 15
15| 16 14 11  7
16|  8 12 15 13

132
  |  K  S  H  L
--+------------
 1|  2  4  5  9
 2|  1  3  6 10
 3|  4  2  7 11
 4|  3  1  8 12
 5|  8 13  1  6
 6|  5  7  2 14
 7|  6  8  3 15
 8|  7  5  4 16
 9| 13 10 12  1
10|  9 11 14  2
11| 10 12 15  3
12| 11  9 16  4
13| 14 16  9  5
14| 15  6 10 13
15| 16 14 11  7
16| 12 15 13  8

133
  |  K  S  H  L
--+------------
 1|  2  4  5  9
 2|  1  3  6 10
 3|  4  2  7 11
 4|  3  1  8 12
 5|  8 13  1  6
 6|  5  7  2 14
 7|  6  8  3 15
 8|  7  5  4 16
 9| 13 10 12  1
10|  9 11 14  2
11| 15 12 10  3
12| 11  9 16  4
13| 14 16  9  5
14| 10  6 15 13
15| 16 14 11  7
16| 12 15 13  8

134
  |  K  S  H  L
--+------------
 1|  2  4  5  9
 2|  1  3  6 10
 3|  4  2  7 11
 4|  3  1  8 12
 5|  8 13  1  6
 6|  5  7  2 14
 7|  6  8  3 15
 8|  7  5  4 16
 9| 13 10 12  1
10|  9 11 14  2
11| 12 15 10  3
12| 11  9 16  4
13| 14 16  9  5
14| 10  6 15 13
15| 16 14 11  7
16| 15 12 13  8

135
  |  K  S  H  L
--+------------
 1|  2  4  5  9
 2|  1  3  6 10
 3|  4  2  7 11
 4|  3  1  8 12
 5|  8 13  1  6
 6|  5  7  2 14
 7|  6  8  3 15
 8|  7  5  4 16
 9| 13 12 10  1
10|  9 11 14  2
11| 15 10 12  3
12| 11  9 16  4
13| 14 16  9  5
14| 10  6 15 13
15| 16 14 11  7
16| 12 15 13  8

136
  |  K  S  H  L
--+------------
 1|  2  4  5  9
 2|  1  3  6 10
 3|  4  2  7 11
 4|  3  1  8 12
 5|  8 13  1  6
 6|  5  7  2 14
 7|  6  8  3 15
 8|  7  5  4 16
 9| 10 12 13  1
10|  9 11 14  2
11| 12 10 15  3
12| 11  9 16  4
13| 14 16  9  5
14| 15  6 10 13
15| 16 14 11  7
16| 13 15 12  8

137
  |  K  S  H  L
--+------------
 1|  2  4  5  9
 2|  1  3  6 10
 3|  4  2  7 11
 4|  3  1  8 12
 5|  8 13  1  6
 6|  5  7  2 14
 7|  6  8  3 15
 8|  7  5  4 16
 9| 12 10 13  1
10|  9 11 14  2
11| 10 12 15  3
12| 11  9 16  4
13| 14 16  9  5
14| 15  6 10 13
15| 16 14 11  7
16| 13 15 12  8

138
  |  K  S  H  L
--+------------
 1|  2  4  5  9
 2|  1  3  6 10
 3|  4  2  7 11
 4|  3  1  8 12
 5|  8 13  1  6
 6|  5  7  2 14
 7|  6  8  3 15
 8|  7  5  4 16
 9| 12 10 13  1
10|  9 11 14  2
11| 10 15 12  3
12| 11  9 16  4
13| 14 16  9  5
14| 15  6 10 13
15| 16 14 11  7
16| 13 12 15  8

139
  |  K  S  H  L
--+------------
 1|  2  4  5  9
 2|  1  3  6 10
 3|  4  2  7 11
 4|  3  1  8 12
 5|  8 13  1  6
 6|  5  7  2 14
 7|  6  8  3 15
 8|  7  5  4 16
 9| 12 10 13  1
10|  9 11 14  2
11| 15 12 10  3
12| 11  9 16  4
13| 14 16  9  5
14| 10  6 15 13
15| 16 14 11  7
16| 13 15 12  8

140
  |  K  S  H  L
--+------------
 1|  2  4  5  9
 2|  1  3  6 10
 3|  4  2  7 11
 4|  3  1  8 12
 5|  8 13  1  6
 6|  5  7  2 14
 7|  6 15  3  8
 8|  7  5  4 16
 9| 12 10 13  1
10|  9 11 14  2
11| 10 12 15  3
12| 11  9 16  4
13| 14 16  9  5
14| 15  6 10 13
15| 16 14 11  7
16| 13  8 12 15

141
  |  K  S  H  L
--+------------
 1|  2  4  5  9
 2|  1  3  6 10
 3|  4  2  7 11
 4|  3  1  8 12
 5|  8 13  1  6
 6|  5  7  2 14
 7|  6 15  3  8
 8|  7  5  4 16
 9| 12 10 13  1
10|  9 11 14  2
11| 15 12 10  3
12| 11  9 16  4
13| 14 16  9  5
14| 10  6 15 13
15| 16 14 11  7
16| 13  8 12 15

142
  |  K  S  H  L
--+------------
 1|  2  4  5  9
 2|  1  3  6 10
 3|  4  2  7 11
 4|  3  1  8 12
 5|  8 13  1  6
 6|  5  7  2 14
 7|  6 15  3  8
 8|  7  5  4 16
 9| 13 10 12  1
10|  9 11 14  2
11| 10 12 15  3
12| 11  9 16  4
13| 14 16  9  5
14| 15  6 10 13
15| 16 14 11  7
16| 12  8 13 15

143
  |  K  S  H  L
--+------------
 1|  2  4  5  9
 2|  1  3  6 10
 3|  4  2  7 11
 4|  3  1  8 12
 5|  8 13  1  6
 6|  5  7  2 14
 7|  6 15  3  8
 8|  7  5  4 16
 9| 13 10 12  1
10|  9 11 14  2
11| 15 12 10  3
12| 11  9 16  4
13| 14 16  9  5
14| 10  6 15 13
15| 16 14 11  7
16| 12  8 13 15

144
  |  K  S  H  L
--+------------
 1|  2  4  5  9
 2|  1  3  6 10
 3|  4  2  7 11
 4|  3  1  8 12
 5|  8 13  1  6
 6|  5  7  2 14
 7|  6 15  3  8
 8|  7  5  4 16
 9| 12 10 13  1
10|  9 11 14  2
11| 10 12 15  3
12| 11  9 16  4
13| 14 16  9  5
14| 13  6 10 15
15| 16 14 11  7
16| 15  8 12 13

145
  |  K  S  H  L
--+------------
 1|  2  4  5  9
 2|  1  3  6 10
 3|  4  2  7 11
 4|  3  1  8 12
 5|  8 13  1  6
 6|  5  7  2 14
 7|  6 15  3  8
 8|  7  5  4 16
 9| 13 10 12  1
10|  9 11 14  2
11| 15 12 10  3
12| 11  9 16  4
13| 14 16  9  5
14| 10  6 13 15
15| 16 14 11  7
16| 12  8 15 13

146
  |  K  S  H  L
--+------------
 1|  2  4  5  9
 2|  1  3  6 10
 3|  4  2  7 11
 4|  3  1  8 12
 5|  8 13  1  6
 6|  5  7  2 14
 7|  6 15  3  8
 8|  7  5  4 16
 9| 10 12 13  1
10|  9 11 14  2
11| 12 10 15  3
12| 11  9 16  4
13| 14 16  9  5
14| 15  6 10 13
15| 16 14 11  7
16| 13  8 12 15

147
  |  K  S  H  L
--+------------
 1|  2  4  5  9
 2|  1  3  6 10
 3|  4  2  7 11
 4|  3  1  8 12
 5|  8 13  1  6
 6|  5  7  2 14
 7|  6 15  3  8
 8|  7  5  4 16
 9| 13 12 10  1
10|  9 11 14  2
11| 15 10 12  3
12| 11  9 16  4
13| 14 16  9  5
14| 10  6 15 13
15| 16 14 11  7
16| 12  8 13 15

148
  |  K  S  H  L
--+------------
 1|  2  4  5  9
 2|  1  3  6 10
 3|  4  2  7 11
 4|  3  1  8 12
 5|  8 13  1  6
 6|  5  7  2 14
 7|  6 15  3  8
 8|  7  5  4 16
 9| 10 12 13  1
10|  9 11 14  2
11| 12 10 15  3
12| 11  9 16  4
13| 14 16  9  5
14| 13  6 10 15
15| 16 14 11  7
16| 15  8 12 13

149
  |  K  S  H  L
--+------------
 1|  2  4  5  9
 2|  1  3  6 10
 3|  4  2  7 11
 4|  3  1  8 12
 5|  8 13  1  6
 6|  5  7  2 14
 7|  6 15  3  8
 8|  7  5  4 16
 9| 10 12 13  1
10|  9 11 14  2
11| 15 10 12  3
12| 11  9 16  4
13| 14 16  9  5
14| 13  6 10 15
15| 16 14 11  7
16| 12  8 15 13

150
  |  K  S  H  L
--+------------
 1|  2  4  5  9
 2|  1  3  6 10
 3|  4  2  7 11
 4|  3  1  8 12
 5|  8 13  1  6
 6|  5  7  2 14
 7|  6 15  3  8
 8|  7  5  4 16
 9| 13 12 10  1
10|  9 11 14  2
11| 12 10 15  3
12| 11  9 16  4
13| 14 16  9  5
14| 10  6 13 15
15| 16 14 11  7
16| 15  8 12 13

151
  |  K  S  H  L
--+------------
 1|  2  4  5  9
 2|  1  3  6 10
 3|  4  2  7 11
 4|  3  1  8 12
 5|  8 13  1  6
 6|  5  7  2 14
 7|  6 15  3  8
 8|  7  5  4 16
 9| 13 12 10  1
10|  9 11 14  2
11| 15 10 12  3
12| 11  9 16  4
13| 14 16  9  5
14| 10  6 13 15
15| 16 14 11  7
16| 12  8 15 13

152
  |  K  S  H  L
--+------------
 1|  2  4  5  9
 2|  1  3  6 10
 3|  4  2  7 11
 4|  3  1  8 12
 5|  8 13  1  6
 6|  5  7  2 14
 7| 15  6  3  8
 8|  7  5  4 16
 9| 13 10 12  1
10|  9 11 14  2
11| 10 12 15  3
12| 11  9 16  4
13| 14 16  9  5
14|  6 15 10 13
15| 16 14 11  7
16| 12  8 13 15

153
  |  K  S  H  L
--+------------
 1|  2  4  5  9
 2|  1  3  6 10
 3|  4  2  7 11
 4|  3  1  8 12
 5|  8 13  1  6
 6|  5  7  2 14
 7| 15  6  3  8
 8|  7  5  4 16
 9| 13 12 10  1
10|  9 11 14  2
11| 10 15 12  3
12| 11  9 16  4
13| 14 16  9  5
14|  6 10 15 13
15| 16 14 11  7
16| 12  8 13 15

154
  |  K  S  H  L
--+------------
 1|  2  4  5  9
 2|  1  3  6 10
 3|  4  2  7 11
 4|  3  1  8 12
 5|  8 13  1  6
 6|  5  7  2 14
 7| 15  6  3  8
 8|  7  5  4 16
 9| 10 12 13  1
10|  9 11 14  2
11| 12 10 15  3
12| 11  9 16  4
13| 14 16  9  5
14|  6 15 10 13
15| 16 14 11  7
16| 13  8 12 15

155
  |  K  S  H  L
--+------------
 1|  2  4  5  9
 2|  1  3  6 10
 3|  4  2  7 11
 4|  3  1  8 12
 5|  8 13  1  6
 6|  5  7  2 14
 7| 15  6  3  8
 8|  7  5  4 16
 9| 10 12 13  1
10|  9 11 14  2
11| 12 15 10  3
12| 11  9 16  4
13| 14 16  9  5
14|  6 10 15 13
15| 16 14 11  7
16| 13  8 12 15

156
  |  K  S  H  L
--+------------
 1|  2  4  5  9
 2|  1  3  6 10
 3|  4  2  7 11
 4|  3  1  8 12
 5|  8 13  1  6
 6|  5  7  2 14
 7| 15  6  3  8
 8|  7  5  4 16
 9| 12 10 13  1
10|  9 11 14  2
11| 10 12 15  3
12| 11  9 16  4
13| 14 16  9  5
14|  6 15 10 13
15| 16 14 11  7
16| 13  8 12 15

157
  |  K  S  H  L
--+------------
 1|  2  4  5  9
 2|  1  3  6 10
 3|  4  2  7 11
 4|  3  1  8 12
 5|  8 13  1  6
 6|  5  7  2 14
 7| 15  6  3  8
 8|  7  5  4 16
 9| 13 12 10  1
10|  9 11 14  2
11| 10 15 12  3
12| 11  9 16  4
13| 14 16  9  5
14|  6 10 13 15
15| 16 14 11  7
16| 12  8 15 13

158
  |  K  S  H  L
--+------------
 1|  2  4  5  9
 2|  1  3  6 10
 3|  4  2  7 11
 4|  3  1  8 12
 5| 13  8  1  6
 6|  5  7  2 14
 7|  6 15  3  8
 8|  7  5  4 16
 9| 10 13 12  1
10|  9 11 14  2
11| 12 10 15  3
12| 11  9 16  4
13| 14 16  9  5
14| 15  6 10 13
15| 16 14 11  7
16|  8 12 13 15

159
  |  K  S  H  L
--+------------
 1|  2  4  5  9
 2|  1  3  6 10
 3|  4  2  7 11
 4|  3  1  8 12
 5| 13  8  1  6
 6|  5  7  2 14
 7|  6 15  3  8
 8|  7  5  4 16
 9| 12 13 10  1
10|  9 11 14  2
11| 15 10 12  3
12| 11  9 16  4
13| 14 16  9  5
14| 10  6 15 13
15| 16 14 11  7
16|  8 12 13 15

160
  |  K  S  H  L
--+------------
 1|  2  4  5  9
 2|  1  3  6 10
 3|  4  2  7 11
 4|  3  1  8 12
 5| 13  8  1  6
 6|  5  7  2 14
 7|  6 15  3  8
 8|  7  5  4 16
 9| 12 10 13  1
10|  9 11 14  2
11| 10 12 15  3
12| 11  9 16  4
13| 14 16  9  5
14| 15  6 10 13
15| 16 14 11  7
16|  8 13 12 15

161
  |  K  S  H  L
--+------------
 1|  2  4  5  9
 2|  1  3  6 10
 3|  4  2  7 11
 4|  3  1  8 12
 5| 13  8  1  6
 6|  5  7  2 14
 7|  6 15  3  8
 8|  7  5  4 16
 9| 12 10 13  1
10|  9 11 14  2
11| 15 12 10  3
12| 11  9 16  4
13| 14 16  9  5
14| 10  6 15 13
15| 16 14 11  7
16|  8 13 12 15

162
  |  K  S  H  L
--+------------
 1|  2  4  5  9
 2|  1  3  6 10
 3|  4  2  7 11
 4|  3  1  8 12
 5| 13  8  1  6
 6|  5  7  2 14
 7|  6 15  3  8
 8|  7  5  4 16
 9| 10 12 13  1
10|  9 11 14  2
11| 12 10 15  3
12| 11  9 16  4
13| 14 16  9  5
14| 15  6 10 13
15| 16 14 11  7
16|  8 13 12 15

163
  |  K  S  H  L
--+------------
 1|  2  4  5  9
 2|  1  3  6 10
 3|  4  2  7 11
 4|  3  1  8 12
 5| 13  8  1  6
 6|  5  7  2 14
 7|  6 15  3  8
 8|  7  5  4 16
 9| 12 13 10  1
10|  9 11 14  2
11| 15 10 12  3
12| 11  9 16  4
13| 14 16  9  5
14| 10  6 13 15
15| 16 14 11  7
16|  8 12 15 13

164
  |  K  S  H  L
--+------------
 1|  2  4  5  9
 2|  1  3  6 10
 3|  4  2  7 11
 4|  3  1  8 12
 5| 13  8  1  6
 6|  5  7  2 14
 7|  8  6  3 15
 8|  7  5  4 16
 9| 10 13 12  1
10|  9 11 14  2
11| 12 10 15  3
12| 11  9 16  4
13| 14 16  9  5
14|  6 15 10 13
15| 16 14 11  7
16| 15 12 13  8

165
  |  K  S  H  L
--+------------
 1|  2  4  5  9
 2|  1  3  6 10
 3|  4  2  7 11
 4|  3  1  8 12
 5| 13  8  1  6
 6|  5  7  2 14
 7|  8  6  3 15
 8|  7  5  4 16
 9| 10 13 12  1
10|  9 11 14  2
11| 12 15 10  3
12| 11  9 16  4
13| 14 16  9  5
14|  6 10 15 13
15| 16 14 11  7
16| 15 12 13  8

166
  |  K  S  H  L
--+------------
 1|  2  4  5  9
 2|  1  3  6 10
 3|  4  2  7 11
 4|  3  1  8 12
 5| 13  8  1  6
 6|  5  7  2 14
 7|  8  6  3 15
 8|  7  5  4 16
 9| 10 13 12  1
10|  9 11 14  2
11| 15 12 10  3
12| 11  9 16  4
13| 14 16  9  5
14|  6 10 15 13
15| 16 14 11  7
16| 12 15 13  8

167
  |  K  S  H  L
--+------------
 1|  2  4  5  9
 2|  1  3  6 10
 3|  4  2  7 11
 4|  3  1  8 12
 5| 13  8  1  6
 6|  5  7  2 14
 7|  8  6  3 15
 8|  7  5  4 16
 9| 12 13 10  1
10|  9 11 14  2
11| 10 15 12  3
12| 11  9 16  4
13| 14 16  9  5
14|  6 10 15 13
15| 16 14 11  7
16| 15 12 13  8

168
  |  K  S  H  L
--+------------
 1|  2  4  5  9
 2|  1  3  6 10
 3|  4  2  7 11
 4|  3  1  8 12
 5| 13  8  1  6
 6|  5  7  2 14
 7|  8  6  3 15
 8|  7  5  4 16
 9| 10 12 13  1
10|  9 11 14  2
11| 12 10 15  3
12| 11  9 16  4
13| 14 16  9  5
14|  6 15 10 13
15| 16 14 11  7
16| 15 13 12  8

169
  |  K  S  H  L
--+------------
 1|  2  4  5  9
 2|  1  3  6 10
 3|  4  2  7 11
 4|  3  1  8 12
 5| 13  8  1  6
 6|  5  7  2 14
 7|  8  6  3 15
 8|  7  5  4 16
 9| 10 12 13  1
10|  9 11 14  2
11| 12 15 10  3
12| 11  9 16  4
13| 14 16  9  5
14|  6 10 15 13
15| 16 14 11  7
16| 15 13 12  8

170
  |  K  S  H  L
--+------------
 1|  2  4  5  9
 2|  1  3  6 10
 3|  4  2  7 11
 4|  3  1  8 12
 5| 13  8  1  6
 6|  5  7  2 14
 7|  8  6  3 15
 8|  7  5  4 16
 9| 10 12 13  1
10|  9 11 14  2
11| 15 10 12  3
12| 11  9 16  4
13| 14 16  9  5
14|  6 15 10 13
15| 16 14 11  7
16| 12 13 15  8

171
  |  K  S  H  L
--+------------
 1|  2  4  5  9
 2|  1  3  6 10
 3|  4  2  7 11
 4|  3  1  8 12
 5| 13  8  1  6
 6|  5  7  2 14
 7|  8  6  3 15
 8|  7  5  4 16
 9| 12 10 13  1
10|  9 11 14  2
11| 10 12 15  3
12| 11  9 16  4
13| 14 16  9  5
14|  6 15 10 13
15| 16 14 11  7
16| 15 13 12  8

172
  |  K  S  H  L
--+------------
 1|  2  4  5  9
 2|  1  3  6 10
 3|  4  2  7 11
 4|  3  1  8 12
 5| 13  8  1  6
 6|  5  7  2 14
 7| 15  6  3  8
 8|  7  5  4 16
 9| 10 12 13  1
10|  9 11 14  2
11| 12 10 15  3
12| 11  9 16  4
13| 14 16  9  5
14|  6 15 10 13
15| 16 14 11  7
16|  8 13 12 15

173
  |  K  S  H  L
--+------------
 1|  2  4  5  9
 2|  1  3  6 10
 3|  4  2  7 11
 4|  3  1  8 12
 5| 13  8  1  6
 6|  5  7  2 14
 7| 15  6  3  8
 8|  7  5  4 16
 9| 10 12 13  1
10|  9 11 14  2
11| 12 15 10  3
12| 11  9 16  4
13| 14 16  9  5
14|  6 10 15 13
15| 16 14 11  7
16|  8 13 12 15

174
  |  K  S  H  L
--+------------
 1|  2  4  5  9
 2|  1  3  6 10
 3|  4  2  7 11
 4|  3  1  8 12
 5| 13  8  1  6
 6|  5  7  2 14
 7| 15  6  3  8
 8|  7  5  4 16
 9| 10 13 12  1
10|  9 11 14  2
11| 12 10 15  3
12| 11  9 16  4
13| 14 16  9  5
14|  6 15 10 13
15| 16 14 11  7
16|  8 12 13 15

175
  |  K  S  H  L
--+------------
 1|  2  4  5  9
 2|  1  3  6 10
 3|  4  2  7 11
 4|  3  1  8 12
 5| 13  8  1  6
 6|  5  7  2 14
 7| 15  6  3  8
 8|  7  5  4 16
 9| 10 13 12  1
10|  9 11 14  2
11| 12 15 10  3
12| 11  9 16  4
13| 14 16  9  5
14|  6 10 15 13
15| 16 14 11  7
16|  8 12 13 15

176
  |  K  S  H  L
--+------------
 1|  2  4  5  9
 2|  1  3  6 10
 3|  4  2  7 11
 4|  3  1  8 12
 5| 13  8  1  6
 6|  5  7  2 14
 7| 15  6  3  8
 8|  7  5  4 16
 9| 10 12 13  1
10|  9 11 14  2
11| 12 10 15  3
12| 11  9 16  4
13| 14 16  9  5
14|  6 13 10 15
15| 16 14 11  7
16|  8 15 12 13

177
  |  K  S  H  L
--+------------
 1|  2  4  5  9
 2|  1  3  6 10
 3|  4  2  7 11
 4|  3  1  8 12
 5| 13  8  1  6
 6|  5  7  2 14
 7| 15  6  3  8
 8|  7  5  4 16
 9| 10 13 12  1
10|  9 11 14  2
11| 12 15 10  3
12| 11  9 16  4
13| 14 16  9  5
14|  6 10 13 15
15| 16 14 11  7
16|  8 12 15 13

178
  |  K  S  H  L
--+------------
 1|  2  4  5  9
 2|  1  3  6 10
 3|  4  2  7 11
 4|  3  1  8 12
 5| 13  8  1  6
 6|  5  7  2 14
 7| 15  6  3  8
 8|  7  5  4 16
 9| 12 10 13  1
10|  9 11 14  2
11| 10 12 15  3
12| 11  9 16  4
13| 14 16  9  5
14|  6 15 10 13
15| 16 14 11  7
16|  8 13 12 15

179
  |  K  S  H  L
--+------------
 1|  2  4  5  9
 2|  1  3  6 10
 3|  4  2  7 11
 4|  3  1  8 12
 5| 13  8  1  6
 6|  5  7  2 14
 7| 15  6  3  8
 8|  7  5  4 16
 9| 12 13 10  1
10|  9 11 14  2
11| 10 15 12  3
12| 11  9 16  4
13| 14 16  9  5
14|  6 10 15 13
15| 16 14 11  7
16|  8 12 13 15

180
  |  K  S  H  L
--+------------
 1|  2  4  5  9
 2|  1  3  6 10
 3|  4  2  7 11
 4|  3  1  8 12
 5| 13  8  1  6
 6|  5  7  2 14
 7| 15  6  3  8
 8|  7  5  4 16
 9| 12 10 13  1
10|  9 11 14  2
11| 10 12 15  3
12| 11  9 16  4
13| 14 16  9  5
14|  6 13 10 15
15| 16 14 11  7
16|  8 15 12 13

181
  |  K  S  H  L
--+------------
 1|  2  4  5  9
 2|  1  3  6 10
 3|  4  2  7 11
 4|  3  1  8 12
 5| 13  8  1  6
 6|  5  7  2 14
 7| 15  6  3  8
 8|  7  5  4 16
 9| 12 10 13  1
10|  9 11 14  2
11| 10 15 12  3
12| 11  9 16  4
13| 14 16  9  5
14|  6 13 10 15
15| 16 14 11  7
16|  8 12 15 13

182
  |  K  S  H  L
--+------------
 1|  2  4  5  9
 2|  1  3  6 10
 3|  4  2  7 11
 4|  3  1  8 12
 5| 13  8  1  6
 6|  5  7  2 14
 7| 15  6  3  8
 8|  7  5  4 16
 9| 12 13 10  1
10|  9 11 14  2
11| 10 12 15  3
12| 11  9 16  4
13| 14 16  9  5
14|  6 10 13 15
15| 16 14 11  7
16|  8 15 12 13

183
  |  K  S  H  L
--+------------
 1|  2  4  5  9
 2|  1  3  6 10
 3|  4  2  7 11
 4|  3  1  8 12
 5| 13  8  1  6
 6|  5  7  2 14
 7| 15  6  3  8
 8|  7  5  4 16
 9| 12 13 10  1
10|  9 11 14  2
11| 10 15 12  3
12| 11  9 16  4
13| 14 16  9  5
14|  6 10 13 15
15| 16 14 11  7
16|  8 12 15 13

184
  |  K  S  H  L
--+------------
 1|  2  4  5  9
 2|  1  3  6 10
 3|  4  2  7 11
 4|  3  1  8 12
 5|  8  6  1 13
 6|  5  7  2 14
 7|  6  8 15  3
 8|  7  5  4 16
 9| 13 10 12  1
10|  9 11 14  2
11| 10 12  3 15
12| 11  9 16  4
13| 14 16  9  5
14| 15 13 10  6
15| 16 14 11  7
16| 12 15 13  8

185
  |  K  S  H  L
--+------------
 1|  2  4  5  9
 2|  1  3  6 10
 3|  4  2  7 11
 4|  3  1  8 12
 5|  8  6  1 13
 6|  5  7  2 14
 7|  6  8 15  3
 8|  7  5  4 16
 9| 12 10 13  1
10|  9 11 14  2
11| 10 12  3 15
12| 11  9 16  4
13| 14 16  9  5
14| 13 15 10  6
15| 16 14 11  7
16| 15 13 12  8

186
  |  K  S  H  L
--+------------
 1|  2  4  5  9
 2|  1  3  6 10
 3|  4  2  7 11
 4|  3  1  8 12
 5|  8  6  1 13
 6|  5  7  2 14
 7|  6  8 15  3
 8|  7  5  4 16
 9| 12 10 13  1
10|  9 11 14  2
11| 10 12  3 15
12| 11  9 16  4
13| 14 16  9  5
14| 15 13 10  6
15| 16 14 11  7
16| 13 15 12  8

187
  |  K  S  H  L
--+------------
 1|  2  4  5  9
 2|  1  3  6 10
 3|  4  2  7 11
 4|  3  1  8 12
 5|  8  6  1 13
 6|  5  7  2 14
 7|  6  8 15  3
 8|  7  5  4 16
 9| 12 13 10  1
10|  9 11 14  2
11| 10 12  3 15
12| 11  9 16  4
13| 14 16  9  5
14| 15 10 13  6
15| 16 14 11  7
16| 13 15 12  8

188
  |  K  S  H  L
--+------------
 1|  2  4  5  9
 2|  1  3  6 10
 3|  4  2  7 11
 4|  3  1  8 12
 5|  8  6  1 13
 6|  5  7  2 14
 7|  6  8 15  3
 8|  7  5  4 16
 9| 10 13 12  1
10|  9 11 14  2
11| 12 10  3 15
12| 11  9 16  4
13| 14 16  9  5
14| 13 15 10  6
15| 16 14 11  7
16| 15 12 13  8

189
  |  K  S  H  L
--+------------
 1|  2  4  5  9
 2|  1  3  6 10
 3|  4  2  7 11
 4|  3  1  8 12
 5|  8  6  1 13
 6|  5  7  2 14
 7|  6  8 15  3
 8|  7  5  4 16
 9| 10 12 13  1
10|  9 11 14  2
11| 12 10  3 15
12| 11  9 16  4
13| 14 16  9  5
14| 13 15 10  6
15| 16 14 11  7
16| 15 13 12  8

190
  |  K  S  H  L
--+------------
 1|  2  4  5  9
 2|  1  3  6 10
 3|  4  2  7 11
 4|  3  1  8 12
 5|  8  6  1 13
 6|  5  7  2 14
 7|  6  8 15  3
 8|  7  5  4 16
 9| 10 12 13  1
10|  9 11 14  2
11| 12 10  3 15
12| 11  9 16  4
13| 14 16  9  5
14| 15 13 10  6
15| 16 14 11  7
16| 13 15 12  8

191
  |  K  S  H  L
--+------------
 1|  2  4  5  9
 2|  1  3  6 10
 3|  4  2  7 11
 4|  3  1  8 12
 5|  8  6  1 13
 6|  5  7  2 14
 7|  6  8 15  3
 8|  7  5  4 16
 9| 13 12 10  1
10|  9 11 14  2
11| 12 10  3 15
12| 11  9 16  4
13| 14 16  9  5
14| 10 15 13  6
15| 16 14 11  7
16| 15 13 12  8

192
  |  K  S  H  L
--+------------
 1|  2  4  5  9
 2|  1  3  6 10
 3|  4  2  7 11
 4|  3  1  8 12
 5| 13  6  1  8
 6|  5  7  2 14
 7|  6  8 15  3
 8|  7  5  4 16
 9| 10 12 13  1
10|  9 11 14  2
11| 12 10  3 15
12| 11  9 16  4
13| 14 16  9  5
14| 15 13 10  6
15| 16 14 11  7
16|  8 15 12 13

193
  |  K  S  H  L
--+------------
 1|  2  4  5  9
 2|  1  3  6 10
 3|  4  2  7 11
 4|  3  1  8 12
 5| 13  6  1  8
 6|  5  7  2 14
 7|  6  8 15  3
 8|  7  5  4 16
 9| 12 10 13  1
10|  9 11 14  2
11| 10 12  3 15
12| 11  9 16  4
13| 14 16  9  5
14| 15 13 10  6
15| 16 14 11  7
16|  8 15 12 13

194
  |  K  S  H  L
--+------------
 1|  2  4  5  9
 2|  1  3  6 10
 3|  4  2  7 11
 4|  3  1  8 12
 5| 13  6  1  8
 6|  5  7  2 14
 7|  6  8 15  3
 8|  7  5  4 16
 9| 12 13 10  1
10|  9 11 14  2
11| 10 12  3 15
12| 11  9 16  4
13| 14 16  9  5
14| 15 10 13  6
15| 16 14 11  7
16|  8 15 12 13

195
  |  K  S  H  L
--+------------
 1|  2  4  5  9
 2|  1  3  6 10
 3|  4  2  7 11
 4|  3  1  8 12
 5|  8 13  1  6
 6|  5  7  2 14
 7|  6  8 15  3
 8|  7  5  4 16
 9| 12 10 13  1
10|  9 11 14  2
11| 10 12  3 15
12| 11  9 16  4
13| 14 16  9  5
14| 15  6 10 13
15| 16 14 11  7
16| 13 15 12  8

196
  |  K  S  H  L
--+------------
 1|  2  4  5  9
 2|  1  3  6 10
 3|  4  2  7 11
 4|  3  1  8 12
 5|  8 13  1  6
 6|  5  7  2 14
 7|  6  8 15  3
 8|  7  5  4 16
 9| 13 10 12  1
10|  9 11 14  2
11| 10 12  3 15
12| 11  9 16  4
13| 14 16  9  5
14| 15  6 10 13
15| 16 14 11  7
16| 12 15 13  8

197
  |  K  S  H  L
--+------------
 1|  2  4  5  9
 2|  1  3  6 10
 3|  4  2  7 11
 4|  3  1  8 12
 5|  8 13  1  6
 6|  5  7  2 14
 7|  6  8 15  3
 8|  7  5  4 16
 9| 10 12 13  1
10|  9 11 14  2
11| 12 10  3 15
12| 11  9 16  4
13| 14 16  9  5
14| 15  6 10 13
15| 16 14 11  7
16| 13 15 12  8

198
  |  K  S  H  L
--+------------
 1|  2  4  5  9
 2|  1  3  6 10
 3|  4  2  7 11
 4|  3  1  8 12
 5|  6  8  1 13
 6|  5  7  2 14
 7|  8  6 15  3
 8|  7  5  4 16
 9| 13 10 12  1
10|  9 11 14  2
11| 10 12  3 15
12| 11  9 16  4
13| 14 16  9  5
14| 15 13 10  6
15| 16 14 11  7
16| 12 15 13  8

199
  |  K  S  H  L
--+------------
 1|  2  4  5  9
 2|  1  3  6 10
 3|  4  2  7 11
 4|  3  1  8 12
 5|  6  8  1 13
 6|  5  7  2 14
 7|  8  6 15  3
 8|  7  5  4 16
 9| 12 10 13  1
10|  9 11 14  2
11| 10 12  3 15
12| 11  9 16  4
13| 14 16  9  5
14| 13 15 10  6
15| 16 14 11  7
16| 15 13 12  8

200
  |  K  S  H  L
--+------------
 1|  2  4  5  9
 2|  1  3  6 10
 3|  4  2  7 11
 4|  3  1  8 12
 5|  6  8  1 13
 6|  5  7  2 14
 7|  8  6 15  3
 8|  7  5  4 16
 9| 12 10 13  1
10|  9 11 14  2
11| 10 12  3 15
12| 11  9 16  4
13| 14 16  9  5
14| 15 13 10  6
15| 16 14 11  7
16| 13 15 12  8

201
  |  K  S  H  L
--+------------
 1|  2  4  5  9
 2|  1  3  6 10
 3|  4  2  7 11
 4|  3  1  8 12
 5|  6  8  1 13
 6|  5  7  2 14
 7|  8  6 15  3
 8|  7  5  4 16
 9| 12 13 10  1
10|  9 11 14  2
11| 10 12  3 15
12| 11  9 16  4
13| 14 16  9  5
14| 15 10 13  6
15| 16 14 11  7
16| 13 15 12  8

202
  |  K  S  H  L
--+------------
 1|  2  4  5  9
 2|  1  3  6 10
 3|  4  2  7 11
 4|  3  1  8 12
 5|  6  8  1 13
 6|  5  7  2 14
 7|  8  6 15  3
 8|  7  5  4 16
 9| 10 13 12  1
10|  9 11 14  2
11| 12 10  3 15
12| 11  9 16  4
13| 14 16  9  5
14| 13 15 10  6
15| 16 14 11  7
16| 15 12 13  8

203
  |  K  S  H  L
--+------------
 1|  2  4  5  9
 2|  1  3  6 10
 3|  4  2  7 11
 4|  3  1  8 12
 5|  6  8  1 13
 6|  5  7  2 14
 7|  8  6 15  3
 8|  7  5  4 16
 9| 10 12 13  1
10|  9 11 14  2
11| 12 10  3 15
12| 11  9 16  4
13| 14 16  9  5
14| 13 15 10  6
15| 16 14 11  7
16| 15 13 12  8

204
  |  K  S  H  L
--+------------
 1|  2  4  5  9
 2|  1  3  6 10
 3|  4  2  7 11
 4|  3  1  8 12
 5|  6  8  1 13
 6|  5  7  2 14
 7|  8  6 15  3
 8|  7  5  4 16
 9| 10 12 13  1
10|  9 11 14  2
11| 12 10  3 15
12| 11  9 16  4
13| 14 16  9  5
14| 15 13 10  6
15| 16 14 11  7
16| 13 15 12  8

205
  |  K  S  H  L
--+------------
 1|  2  4  5  9
 2|  1  3  6 10
 3|  4  2  7 11
 4|  3  1  8 12
 5|  6  8  1 13
 6|  5  7  2 14
 7|  8  6 15  3
 8|  7  5  4 16
 9| 13 12 10  1
10|  9 11 14  2
11| 12 10  3 15
12| 11  9 16  4
13| 14 16  9  5
14| 10 15 13  6
15| 16 14 11  7
16| 15 13 12  8

206
  |  K  S  H  L
--+------------
 1|  2  4  5  9
 2|  1  3  6 10
 3|  4  2  7 11
 4|  3  1  8 12
 5|  6 13  1  8
 6|  5  7  2 14
 7|  8  6 15  3
 8|  7  5  4 16
 9| 12 10 13  1
10|  9 11 14  2
11| 10 12  3 15
12| 11  9 16  4
13| 14 16  9  5
14| 13 15 10  6
15| 16 14 11  7
16| 15  8 12 13

207
  |  K  S  H  L
--+------------
 1|  2  4  5  9
 2|  1  3  6 10
 3|  4  2  7 11
 4|  3  1  8 12
 5|  6 13  1  8
 6|  5  7  2 14
 7|  8  6 15  3
 8|  7  5  4 16
 9| 10 12 13  1
10|  9 11 14  2
11| 12 10  3 15
12| 11  9 16  4
13| 14 16  9  5
14| 13 15 10  6
15| 16 14 11  7
16| 15  8 12 13

208
  |  K  S  H  L
--+------------
 1|  2  4  5  9
 2|  1  3  6 10
 3|  4  2  7 11
 4|  3  1  8 12
 5|  6 13  1  8
 6|  5  7  2 14
 7|  8  6 15  3
 8|  7  5  4 16
 9| 13 12 10  1
10|  9 11 14  2
11| 12 10  3 15
12| 11  9 16  4
13| 14 16  9  5
14| 10 15 13  6
15| 16 14 11  7
16| 15  8 12 13

209
  |  K  S  H  L
--+------------
 1|  2  4  5  9
 2|  1  3  6 10
 3|  4  2  7 11
 4|  3  1  8 12
 5| 13  8  1  6
 6|  5  7  2 14
 7|  8  6 15  3
 8|  7  5  4 16
 9| 10 12 13  1
10|  9 11 14  2
11| 12 10  3 15
12| 11  9 16  4
13| 14 16  9  5
14|  6 15 10 13
15| 16 14 11  7
16| 15 13 12  8

210
  |  K  S  H  L
--+------------
 1|  2  4  5  9
 2|  1  3  6 10
 3|  4  2  7 11
 4|  3  1  8 12
 5| 13  8  1  6
 6|  5  7  2 14
 7|  8  6 15  3
 8|  7  5  4 16
 9| 10 13 12  1
10|  9 11 14  2
11| 12 10  3 15
12| 11  9 16  4
13| 14 16  9  5
14|  6 15 10 13
15| 16 14 11  7
16| 15 12 13  8

211
  |  K  S  H  L
--+------------
 1|  2  4  5  9
 2|  1  3  6 10
 3|  4  2  7 11
 4|  3  1  8 12
 5| 13  8  1  6
 6|  5  7  2 14
 7|  8  6 15  3
 8|  7  5  4 16
 9| 12 10 13  1
10|  9 11 14  2
11| 10 12  3 15
12| 11  9 16  4
13| 14 16  9  5
14|  6 15 10 13
15| 16 14 11  7
16| 15 13 12  8

212
  |  K  S  H  L
--+------------
 1|  2  4  5  9
 2|  1  3  6 10
 3|  4  2  7 11
 4|  3  1 12  8
 5|  8  6  1 13
 6|  5  7  2 14
 7|  6  8  3 15
 8|  7  5  4 16
 9| 12 10 13  1
10|  9 11 14  2
11| 15 12 10  3
12| 11  9 16  4
13| 14 16  9  5
14| 10 13 15  6
15| 16 14 11  7
16| 13 15  8 12

213
  |  K  S  H  L
--+------------
 1|  2  4  5  9
 2|  1  3  6 10
 3|  4  2  7 11
 4|  3  1 12  8
 5|  8  6  1 13
 6|  5  7  2 14
 7|  6  8  3 15
 8|  7  5  4 16
 9| 12 10 13  1
10|  9 11 14  2
11| 10 12 15  3
12| 11  9 16  4
13| 14 16  9  5
14| 13 15 10  6
15| 16 14 11  7
16| 15 13  8 12

214
  |  K  S  H  L
--+------------
 1|  2  4  5  9
 2|  1  3  6 10
 3|  4  2  7 11
 4|  3  1 12  8
 5|  8  6  1 13
 6|  5  7  2 14
 7|  6  8  3 15
 8|  7  5  4 16
 9| 12 10 13  1
10|  9 11 14  2
11| 10 12 15  3
12| 11  9 16  4
13| 14 16  9  5
14| 15 13 10  6
15| 16 14 11  7
16| 13 15  8 12

215
  |  K  S  H  L
--+------------
 1|  2  4  5  9
 2|  1  3  6 10
 3|  4  2  7 11
 4|  3  1 12  8
 5|  8  6  1 13
 6|  5  7  2 14
 7|  6  8  3 15
 8|  7  5  4 16
 9| 12 13 10  1
10|  9 11 14  2
11| 10 12 15  3
12| 11  9 16  4
13| 14 16  9  5
14| 15 10 13  6
15| 16 14 11  7
16| 13 15  8 12

216
  |  K  S  H  L
--+------------
 1|  2  4  5  9
 2|  1  3  6 10
 3|  4  2  7 11
 4|  3  1 12  8
 5|  8  6  1 13
 6|  5  7  2 14
 7|  6  8  3 15
 8|  7  5  4 16
 9| 10 12 13  1
10|  9 11 14  2
11| 12 15 10  3
12| 11  9 16  4
13| 14 16  9  5
14| 13 10 15  6
15| 16 14 11  7
16| 15 13  8 12

217
  |  K  S  H  L
--+------------
 1|  2  4  5  9
 2|  1  3  6 10
 3|  4  2  7 11
 4|  3  1 12  8
 5|  8  6  1 13
 6|  5  7  2 14
 7|  6  8  3 15
 8|  7  5  4 16
 9| 10 12 13  1
10|  9 11 14  2
11| 12 10 15  3
12| 11  9 16  4
13| 14 16  9  5
14| 13 15 10  6
15| 16 14 11  7
16| 15 13  8 12

218
  |  K  S  H  L
--+------------
 1|  2  4  5  9
 2|  1  3  6 10
 3|  4  2  7 11
 4|  3  1 12  8
 5|  8  6  1 13
 6|  5  7  2 14
 7|  6  8  3 15
 8|  7  5  4 16
 9| 10 12 13  1
10|  9 11 14  2
11| 12 10 15  3
12| 11  9 16  4
13| 14 16  9  5
14| 15 13 10  6
15| 16 14 11  7
16| 13 15  8 12

219
  |  K  S  H  L
--+------------
 1|  2  4  5  9
 2|  1  3  6 10
 3|  4  2  7 11
 4|  3  1 12  8
 5|  8  6  1 13
 6|  5  7  2 14
 7|  6  8  3 15
 8|  7  5  4 16
 9| 13 12 10  1
10|  9 11 14  2
11| 12 10 15  3
12| 11  9 16  4
13| 14 16  9  5
14| 10 15 13  6
15| 16 14 11  7
16| 15 13  8 12

220
  |  K  S  H  L
--+------------
 1|  2  4  5  9
 2|  1  3  6 10
 3|  4  2  7 11
 4|  3  1 12  8
 5|  8  6  1 13
 6|  5  7  2 14
 7| 15  8  3  6
 8|  7  5  4 16
 9| 10 12 13  1
10|  9 11 14  2
11| 12 10 15  3
12| 11  9 16  4
13| 14 16  9  5
14|  6 13 10 15
15| 16 14 11  7
16| 13 15  8 12

221
  |  K  S  H  L
--+------------
 1|  2  4  5  9
 2|  1  3  6 10
 3|  4  2  7 11
 4|  3  1 12  8
 5|  8  6  1 13
 6|  5  7  2 14
 7| 15  8  3  6
 8|  7  5  4 16
 9| 12 10 13  1
10|  9 11 14  2
11| 10 12 15  3
12| 11  9 16  4
13| 14 16  9  5
14|  6 13 10 15
15| 16 14 11  7
16| 13 15  8 12

222
  |  K  S  H  L
--+------------
 1|  2  4  5  9
 2|  1  3  6 10
 3|  4  2  7 11
 4|  3  1 12  8
 5|  8  6  1 13
 6|  5  7  2 14
 7| 15  8  3  6
 8|  7  5  4 16
 9| 12 13 10  1
10|  9 11 14  2
11| 10 12 15  3
12| 11  9 16  4
13| 14 16  9  5
14|  6 10 13 15
15| 16 14 11  7
16| 13 15  8 12

223
  |  K  S  H  L
--+------------
 1|  2  4  5  9
 2|  1  3  6 10
 3|  4  2  7 11
 4|  3  1 12  8
 5|  8  6  1 13
 6|  5  7  2 14
 7|  6  8 15  3
 8|  7  5  4 16
 9| 12 13 10  1
10|  9 11 14  2
11| 10 15  3 12
12| 11  9 16  4
13| 14 16  9  5
14| 15 10 13  6
15| 16 14 11  7
16| 13 12  8 15

224
  |  K  S  H  L
--+------------
 1|  2  4  5  9
 2|  1  3  6 10
 3|  4  2  7 11
 4|  3  1 12  8
 5|  8  6  1 13
 6|  5  7  2 14
 7|  6  8 15  3
 8|  7  5  4 16
 9| 12 13 10  1
10|  9 11 14  2
11| 15 10  3 12
12| 11  9 16  4
13| 14 16  9  5
14| 10 15 13  6
15| 16 14 11  7
16| 13 12  8 15

225
  |  K  S  H  L
--+------------
 1|  2  4  5  9
 2|  1  3  6 10
 3|  4  2  7 11
 4|  3  1 12  8
 5|  8  6  1 13
 6|  5  7  2 14
 7|  6  8 15  3
 8|  7  5  4 16
 9| 13 12 10  1
10|  9 11 14  2
11| 10 15  3 12
12| 11  9 16  4
13| 14 16  9  5
14| 15 10 13  6
15| 16 14 11  7
16| 12 13  8 15

226
  |  K  S  H  L
--+------------
 1|  2  4  5  9
 2|  1  3  6 10
 3|  4  2  7 11
 4|  3  1 12  8
 5|  8  6  1 13
 6|  5  7  2 14
 7|  6  8 15  3
 8|  7  5  4 16
 9| 13 12 10  1
10|  9 11 14  2
11| 15 10  3 12
12| 11  9 16  4
13| 14 16  9  5
14| 10 15 13  6
15| 16 14 11  7
16| 12 13  8 15

227
  |  K  S  H  L
--+------------
 1|  2  4  5  9
 2|  1  3  6 10
 3|  4  2  7 11
 4|  3  1 12  8
 5|  8  6  1 13
 6|  5  7  2 14
 7|  6  8 15  3
 8|  7  5  4 16
 9| 10 12 13  1
10|  9 11 14  2
11| 15 10  3 12
12| 11  9 16  4
13| 14 16  9  5
14| 13 15 10  6
15| 16 14 11  7
16| 12 13  8 15

228
  |  K  S  H  L
--+------------
 1|  2  4  5  9
 2|  1  3  6 10
 3|  4  2  7 11
 4|  3  1 12  8
 5|  8  6  1 13
 6|  5  7  2 14
 7|  6  8 15  3
 8|  7  5  4 16
 9| 12 10 13  1
10|  9 11 14  2
11| 10 15  3 12
12| 11  9 16  4
13| 14 16  9  5
14| 15 13 10  6
15| 16 14 11  7
16| 13 12  8 15

229
  |  K  S  H  L
--+------------
 1|  2  4  5  9
 2|  1  3  6 10
 3|  4  2  7 11
 4|  3  1 12  8
 5|  8  6  1 13
 6|  5  7  2 14
 7|  6 15  8  3
 8|  7  5  4 16
 9| 13 12 10  1
10|  9 11 14  2
11| 15 10  3 12
12| 11  9 16  4
13| 14 16  9  5
14| 10 13 15  6
15| 16 14 11  7
16| 12  8 13 15

230
  |  K  S  H  L
--+------------
 1|  2  4  5  9
 2|  1  3  6 10
 3|  4  2  7 11
 4|  3  1 12  8
 5|  8  6  1 13
 6|  5  7  2 14
 7|  6  8 15  3
 8|  7  5  4 16
 9| 12 13 10  1
10|  9 11 14  2
11| 10 12  3 15
12| 11  9 16  4
13| 14 16  9  5
14| 15 10 13  6
15| 16 14 11  7
16| 13 15  8 12

231
  |  K  S  H  L
--+------------
 1|  2  4  5  9
 2|  1  3  6 10
 3|  4  2  7 11
 4|  3  1 12  8
 5|  8  6  1 13
 6|  5  7  2 14
 7|  6  8 15  3
 8|  7  5  4 16
 9| 13 12 10  1
10|  9 11 14  2
11| 12 10  3 15
12| 11  9 16  4
13| 14 16  9  5
14| 10 15 13  6
15| 16 14 11  7
16| 15 13  8 12

232
  |  K  S  H  L
--+------------
 1|  2  4  5  9
 2|  1  3  6 10
 3|  4  2  7 11
 4|  3  1 12  8
 5|  8  6  1 13
 6|  5  7  2 14
 7|  6  8 15  3
 8|  7  5  4 16
 9| 10 12 13  1
10|  9 11 14  2
11| 12 10  3 15
12| 11  9 16  4
13| 14 16  9  5
14| 13 15 10  6
15| 16 14 11  7
16| 15 13  8 12

233
  |  K  S  H  L
--+------------
 1|  2  4  5  9
 2|  1  3  6 10
 3|  4  2  7 11
 4|  3  1 12  8
 5|  8  6  1 13
 6|  5  7  2 14
 7|  6  8 15  3
 8|  7  5  4 16
 9| 10 12 13  1
10|  9 11 14  2
11| 12 10  3 15
12| 11  9 16  4
13| 14 16  9  5
14| 15 13 10  6
15| 16 14 11  7
16| 13 15  8 12

234
  |  K  S  H  L
--+------------
 1|  2  4  5  9
 2|  1  3  6 10
 3|  4  2  7 11
 4|  3  1 12  8
 5|  8  6  1 13
 6|  5  7  2 14
 7|  6  8 15  3
 8|  7  5  4 16
 9| 12 10 13  1
10|  9 11 14  2
11| 10 12  3 15
12| 11  9 16  4
13| 14 16  9  5
14| 13 15 10  6
15| 16 14 11  7
16| 15 13  8 12

235
  |  K  S  H  L
--+------------
 1|  2  4  5  9
 2|  1  3  6 10
 3|  4  2  7 11
 4|  3  1 12  8
 5|  8  6  1 13
 6|  5  7  2 14
 7|  6  8 15  3
 8|  7  5  4 16
 9| 12 10 13  1
10|  9 11 14  2
11| 10 12  3 15
12| 11  9 16  4
13| 14 16  9  5
14| 15 13 10  6
15| 16 14 11  7
16| 13 15  8 12

236
  |  K  S  H  L
--+------------
 1|  2  4  5  9
 2|  1  3  6 10
 3|  4  2  7 11
 4|  3  1 12  8
 5|  8  6  1 13
 6|  5  7  2 14
 7|  6 15  8  3
 8|  7  5  4 16
 9| 12 10 13  1
10|  9 11 14  2
11| 10 12  3 15
12| 11  9 16  4
13| 14 16  9  5
14| 15 13 10  6
15| 16 14 11  7
16| 13  8 15 12

237
  |  K  S  H  L
--+------------
 1|  2  4  5  9
 2|  1  3  6 10
 3|  4  2  7 11
 4|  3  1 12  8
 5|  8  6  1 13
 6|  5  7  2 14
 7|  6 15  8  3
 8|  7  5  4 16
 9| 12 13 10  1
10|  9 11 14  2
11| 10 12  3 15
12| 11  9 16  4
13| 14 16  9  5
14| 13 10 15  6
15| 16 14 11  7
16| 15  8 13 12

238
  |  K  S  H  L
--+------------
 1|  2  4  5  9
 2|  1  3  6 10
 3|  4  2  7 11
 4|  3  1 12  8
 5|  8  6  1 13
 6|  5  7  2 14
 7|  6 15  8  3
 8|  7  5  4 16
 9| 12 13 10  1
10|  9 11 14  2
11| 10 12  3 15
12| 11  9 16  4
13| 14 16  9  5
14| 15 10 13  6
15| 16 14 11  7
16| 13  8 15 12

239
  |  K  S  H  L
--+------------
 1|  2  4  5  9
 2|  1  3  6 10
 3|  4  2  7 11
 4|  3  1 12  8
 5|  8  6  1 13
 6|  5  7  2 14
 7|  6 15  8  3
 8|  7  5  4 16
 9| 13 12 10  1
10|  9 11 14  2
11| 12 10  3 15
12| 11  9 16  4
13| 14 16  9  5
14| 10 13 15  6
15| 16 14 11  7
16| 15  8 13 12

240
  |  K  S  H  L
--+------------
 1|  2  4  5  9
 2|  1  3  6 10
 3|  4  2  7 11
 4|  3  1 12  8
 5|  8  6  1 13
 6|  5  7  2 14
 7|  6 15  8  3
 8|  7  5  4 16
 9| 10 12 13  1
10|  9 11 14  2
11| 12 10  3 15
12| 11  9 16  4
13| 14 16  9  5
14| 15 13 10  6
15| 16 14 11  7
16| 13  8 15 12

241
  |  K  S  H  L
--+------------
 1|  2  4  5  9
 2|  1  3  6 10
 3|  4  2  7 11
 4|  3  1 12  8
 5|  8 13  1  6
 6|  5  7  2 14
 7|  6  8  3 15
 8|  7  5  4 16
 9| 12 10 13  1
10|  9 11 14  2
11| 10 12 15  3
12| 11  9 16  4
13| 14 16  9  5
14| 15  6 10 13
15| 16 14 11  7
16| 13 15  8 12

242
  |  K  S  H  L
--+------------
 1|  2  4  5  9
 2|  1  3  6 10
 3|  4  2  7 11
 4|  3  1 12  8
 5|  8 13  1  6
 6|  5  7  2 14
 7|  6  8  3 15
 8|  7  5  4 16
 9| 12 10 13  1
10|  9 11 14  2
11| 15 12 10  3
12| 11  9 16  4
13| 14 16  9  5
14| 10  6 15 13
15| 16 14 11  7
16| 13 15  8 12

243
  |  K  S  H  L
--+------------
 1|  2  4  5  9
 2|  1  3  6 10
 3|  4  2  7 11
 4|  3  1 12  8
 5|  8 13  1  6
 6|  5  7  2 14
 7|  6  8  3 15
 8|  7  5  4 16
 9| 10 12 13  1
10|  9 11 14  2
11| 12 10 15  3
12| 11  9 16  4
13| 14 16  9  5
14| 15  6 10 13
15| 16 14 11  7
16| 13 15  8 12

244
  |  K  S  H  L
--+------------
 1|  2  4  5  9
 2|  1  3  6 10
 3|  4  2  7 11
 4|  3  1 12  8
 5|  8 13  1  6
 6|  5  7  2 14
 7|  6  8 15  3
 8|  7  5  4 16
 9| 13 12 10  1
10|  9 11 14  2
11| 15 10  3 12
12| 11  9 16  4
13| 14 16  9  5
14| 10  6 13 15
15| 16 14 11  7
16| 12 15  8 13

245
  |  K  S  H  L
--+------------
 1|  2  4  5  9
 2|  1  3  6 10
 3|  4  2  7 11
 4|  3  1 12  8
 5|  8 13  1  6
 6|  5  7  2 14
 7|  6  8 15  3
 8|  7  5  4 16
 9| 10 12 13  1
10|  9 11 14  2
11| 15 10  3 12
12| 11  9 16  4
13| 14 16  9  5
14| 13  6 10 15
15| 16 14 11  7
16| 12 15  8 13

246
  |  K  S  H  L
--+------------
 1|  2  4  5  9
 2|  1  3  6 10
 3|  4  2  7 11
 4|  3  1 12  8
 5|  8 13  1  6
 6|  5  7  2 14
 7|  6  8 15  3
 8|  7  5  4 16
 9| 10 12 13  1
10|  9 11 14  2
11| 12 10  3 15
12| 11  9 16  4
13| 14 16  9  5
14| 15  6 10 13
15| 16 14 11  7
16| 13 15  8 12

247
  |  K  S  H  L
--+------------
 1|  2  4  5  9
 2|  1  3  6 10
 3|  4  2  7 11
 4|  3  1 12  8
 5|  8 13  1  6
 6|  5  7  2 14
 7|  6  8 15  3
 8|  7  5  4 16
 9| 12 10 13  1
10|  9 11 14  2
11| 10 12  3 15
12| 11  9 16  4
13| 14 16  9  5
14| 15  6 10 13
15| 16 14 11  7
16| 13 15  8 12

248
  |  K  S  H  L
--+------------
 1|  2  4  5  9
 2|  1  3  6 10
 3|  4  2  7 11
 4|  3  1 12  8
 5|  8 13  1  6
 6|  5  7  2 14
 7|  6  8 15  3
 8|  7  5  4 16
 9| 12 10 13  1
10|  9 11 14  2
11| 10 15  3 12
12| 11  9 16  4
13| 14 16  9  5
14| 13  6 10 15
15| 16 14 11  7
16| 15 12  8 13

249
  |  K  S  H  L
--+------------
 1|  2  4  5  9
 2|  1  3  6 10
 3|  4  2  7 11
 4|  3  1 12  8
 5|  8 13  1  6
 6|  5  7  2 14
 7|  6  8 15  3
 8|  7  5  4 16
 9| 12 10 13  1
10|  9 11 14  2
11| 10 15  3 12
12| 11  9 16  4
13| 14 16  9  5
14| 15  6 10 13
15| 16 14 11  7
16| 13 12  8 15

250
  |  K  S  H  L
--+------------
 1|  2  4  5  9
 2|  1  3  6 10
 3|  4  2  7 11
 4|  3  1 12  8
 5|  8 13  1  6
 6|  5  7  2 14
 7|  6 15  8  3
 8|  7  5  4 16
 9| 12 10 13  1
10|  9 11 14  2
11| 10 12  3 15
12| 11  9 16  4
13| 14 16  9  5
14| 15  6 10 13
15| 16 14 11  7
16| 13  8 15 12

251
  |  K  S  H  L
--+------------
 1|  2  4  5  9
 2|  1  3  6 10
 3|  4  2  7 11
 4|  3  1 12  8
 5|  8 13  1  6
 6|  5  7  2 14
 7|  6 15  8  3
 8|  7  5  4 16
 9| 10 12 13  1
10|  9 11 14  2
11| 15 10  3 12
12| 11  9 16  4
13| 14 16  9  5
14| 13  6 10 15
15| 16 14 11  7
16| 12  8 15 13

252
  |  K  S  H  L
--+------------
 1|  2  4  5  9
 2|  1  3  6 10
 3|  4  2  7 11
 4|  3  1 12  8
 5|  8 13  1  6
 6|  5  7  2 14
 7|  6 15  8  3
 8|  7  5  4 16
 9| 10 12 13  1
10|  9 11 14  2
11| 12 10  3 15
12| 11  9 16  4
13| 14 16  9  5
14| 15  6 10 13
15| 16 14 11  7
16| 13  8 15 12

253
  |  K  S  H  L
--+------------
 1|  2  4  5  9
 2|  1  3  6 10
 3|  4  2  7 11
 4|  3  1 12  8
 5|  8 13  1  6
 6|  5  7  2 14
 7|  6 15  8  3
 8|  7  5  4 16
 9| 13 12 10  1
10|  9 11 14  2
11| 12 10  3 15
12| 11  9 16  4
13| 14 16  9  5
14| 10  6 15 13
15| 16 14 11  7
16| 15  8 13 12

254
  |  K  S  H  L
--+------------
 1|  2  4  5  9
 2|  1  3  6 10
 3|  4  2  7 11
 4|  3  1 12  8
 5|  8 13  1  6
 6|  5  7  2 14
 7|  6 15  8  3
 8|  7  5  4 16
 9| 13 12 10  1
10|  9 11 14  2
11| 15 10  3 12
12| 11  9 16  4
13| 14 16  9  5
14| 10  6 13 15
15| 16 14 11  7
16| 12  8 15 13

255
  |  K  S  H  L
--+------------
 1|  2  4  5  9
 2|  1  3  6 10
 3|  4  2  7 11
 4|  3  1 12  8
 5|  8 13  1  6
 6|  5  7  2 14
 7|  6 15  8  3
 8|  7  5  4 16
 9| 13 12 10  1
10|  9 11 14  2
11| 15 10  3 12
12| 11  9 16  4
13| 14 16  9  5
14| 10  6 15 13
15| 16 14 11  7
16| 12  8 13 15

256
  |  K  S  H  L
--+------------
 1|  2  4  5  9
 2|  1  3  6 10
 3|  4  2  7 11
 4|  3  1 12  8
 5|  8 13  1  6
 6|  5  7  2 14
 7| 15  6  8  3
 8|  7  5  4 16
 9| 12 10 13  1
10|  9 11 14  2
11| 10 12  3 15
12| 11  9 16  4
13| 14 16  9  5
14|  6 15 10 13
15| 16 14 11  7
16| 13  8 15 12

257
  |  K  S  H  L
--+------------
 1|  2  4  5  9
 2|  1  3  6 10
 3|  4  2  7 11
 4|  3  1 12  8
 5|  8 13  1  6
 6|  5  7  2 14
 7| 15  6  8  3
 8|  7  5  4 16
 9| 10 12 13  1
10|  9 11 14  2
11| 12 10  3 15
12| 11  9 16  4
13| 14 16  9  5
14|  6 15 10 13
15| 16 14 11  7
16| 13  8 15 12

258
  |  K  S  H  L
--+------------
 1|  2  4  5  9
 2|  1  3  6 10
 3|  4  2  7 11
 4|  3  1 12  8
 5|  8 13  1  6
 6|  5  7  2 14
 7| 15  6  8  3
 8|  7  5  4 16
 9| 13 12 10  1
10|  9 11 14  2
11| 10 15  3 12
12| 11  9 16  4
13| 14 16  9  5
14|  6 10 13 15
15| 16 14 11  7
16| 12  8 15 13

259
  |  K  S  H  L
--+------------
 1|  2  4  5  9
 2|  1  3  6 10
 3|  4  2  7 11
 4|  3  1 12  8
 5|  8 13  1  6
 6|  5  7  2 14
 7| 15  6  8  3
 8|  7  5  4 16
 9| 13 12 10  1
10|  9 11 14  2
11| 10 15  3 12
12| 11  9 16  4
13| 14 16  9  5
14|  6 10 15 13
15| 16 14 11  7
16| 12  8 13 15

260
  |  K  S  H  L
--+------------
 1|  2  4  5  9
 2|  1  3  6 10
 3|  4  2  7 11
 4|  3  1 12  8
 5|  6  8  1 13
 6|  5  7  2 14
 7|  8  6  3 15
 8|  7  5  4 16
 9| 12 10 13  1
10|  9 11 14  2
11| 15 12 10  3
12| 11  9 16  4
13| 14 16  9  5
14| 10 13 15  6
15| 16 14 11  7
16| 13 15  8 12

261
  |  K  S  H  L
--+------------
 1|  2  4  5  9
 2|  1  3  6 10
 3|  4  2  7 11
 4|  3  1 12  8
 5|  6  8  1 13
 6|  5  7  2 14
 7|  8  6  3 15
 8|  7  5  4 16
 9| 12 10 13  1
10|  9 11 14  2
11| 10 12 15  3
12| 11  9 16  4
13| 14 16  9  5
14| 13 15 10  6
15| 16 14 11  7
16| 15 13  8 12

262
  |  K  S  H  L
--+------------
 1|  2  4  5  9
 2|  1  3  6 10
 3|  4  2  7 11
 4|  3  1 12  8
 5|  6  8  1 13
 6|  5  7  2 14
 7|  8  6  3 15
 8|  7  5  4 16
 9| 12 10 13  1
10|  9 11 14  2
11| 10 12 15  3
12| 11  9 16  4
13| 14 16  9  5
14| 15 13 10  6
15| 16 14 11  7
16| 13 15  8 12

263
  |  K  S  H  L
--+------------
 1|  2  4  5  9
 2|  1  3  6 10
 3|  4  2  7 11
 4|  3  1 12  8
 5|  6  8  1 13
 6|  5  7  2 14
 7|  8  6  3 15
 8|  7  5  4 16
 9| 12 13 10  1
10|  9 11 14  2
11| 10 12 15  3
12| 11  9 16  4
13| 14 16  9  5
14| 15 10 13  6
15| 16 14 11  7
16| 13 15  8 12

264
  |  K  S  H  L
--+------------
 1|  2  4  5  9
 2|  1  3  6 10
 3|  4  2  7 11
 4|  3  1 12  8
 5|  6  8  1 13
 6|  5  7  2 14
 7|  8  6  3 15
 8|  7  5  4 16
 9| 10 12 13  1
10|  9 11 14  2
11| 12 15 10  3
12| 11  9 16  4
13| 14 16  9  5
14| 13 10 15  6
15| 16 14 11  7
16| 15 13  8 12

265
  |  K  S  H  L
--+------------
 1|  2  4  5  9
 2|  1  3  6 10
 3|  4  2  7 11
 4|  3  1 12  8
 5|  6  8  1 13
 6|  5  7  2 14
 7|  8  6  3 15
 8|  7  5  4 16
 9| 10 12 13  1
10|  9 11 14  2
11| 12 10 15  3
12| 11  9 16  4
13| 14 16  9  5
14| 13 15 10  6
15| 16 14 11  7
16| 15 13  8 12

266
  |  K  S  H  L
--+------------
 1|  2  4  5  9
 2|  1  3  6 10
 3|  4  2  7 11
 4|  3  1 12  8
 5|  6  8  1 13
 6|  5  7  2 14
 7|  8  6  3 15
 8|  7  5  4 16
 9| 10 12 13  1
10|  9 11 14  2
11| 12 10 15  3
12| 11  9 16  4
13| 14 16  9  5
14| 15 13 10  6
15| 16 14 11  7
16| 13 15  8 12

267
  |  K  S  H  L
--+------------
 1|  2  4  5  9
 2|  1  3  6 10
 3|  4  2  7 11
 4|  3  1 12  8
 5|  6  8  1 13
 6|  5  7  2 14
 7|  8  6  3 15
 8|  7  5  4 16
 9| 13 12 10  1
10|  9 11 14  2
11| 12 10 15  3
12| 11  9 16  4
13| 14 16  9  5
14| 10 15 13  6
15| 16 14 11  7
16| 15 13  8 12

268
  |  K  S  H  L
--+------------
 1|  2  4  5  9
 2|  1  3  6 10
 3|  4  2  7 11
 4|  3  1 12  8
 5|  6  8  1 13
 6|  5  7  2 14
 7|  8 15  3  6
 8|  7  5  4 16
 9| 12 10 13  1
10|  9 11 14  2
11| 10 12 15  3
12| 11  9 16  4
13| 14 16  9  5
14| 13  6 10 15
15| 16 14 11  7
16| 15 13  8 12

269
  |  K  S  H  L
--+------------
 1|  2  4  5  9
 2|  1  3  6 10
 3|  4  2  7 11
 4|  3  1 12  8
 5|  6  8  1 13
 6|  5  7  2 14
 7|  8 15  3  6
 8|  7  5  4 16
 9| 10 12 13  1
10|  9 11 14  2
11| 12 10 15  3
12| 11  9 16  4
13| 14 16  9  5
14| 13  6 10 15
15| 16 14 11  7
16| 15 13  8 12

270
  |  K  S  H  L
--+------------
 1|  2  4  5  9
 2|  1  3  6 10
 3|  4  2  7 11
 4|  3  1 12  8
 5|  6  8  1 13
 6|  5  7  2 14
 7|  8 15  3  6
 8|  7  5  4 16
 9| 13 12 10  1
10|  9 11 14  2
11| 12 10 15  3
12| 11  9 16  4
13| 14 16  9  5
14| 10  6 13 15
15| 16 14 11  7
16| 15 13  8 12

271
  |  K  S  H  L
--+------------
 1|  2  4  5  9
 2|  1  3  6 10
 3|  4  2  7 11
 4|  3  1 12  8
 5|  6  8  1 13
 6|  5  7  2 14
 7|  8  6 15  3
 8|  7  5  4 16
 9| 12 13 10  1
10|  9 11 14  2
11| 10 15  3 12
12| 11  9 16  4
13| 14 16  9  5
14| 15 10 13  6
15| 16 14 11  7
16| 13 12  8 15

272
  |  K  S  H  L
--+------------
 1|  2  4  5  9
 2|  1  3  6 10
 3|  4  2  7 11
 4|  3  1 12  8
 5|  6  8  1 13
 6|  5  7  2 14
 7|  8  6 15  3
 8|  7  5  4 16
 9| 12 13 10  1
10|  9 11 14  2
11| 15 10  3 12
12| 11  9 16  4
13| 14 16  9  5
14| 10 15 13  6
15| 16 14 11  7
16| 13 12  8 15

273
  |  K  S  H  L
--+------------
 1|  2  4  5  9
 2|  1  3  6 10
 3|  4  2  7 11
 4|  3  1 12  8
 5|  6  8  1 13
 6|  5  7  2 14
 7|  8  6 15  3
 8|  7  5  4 16
 9| 13 12 10  1
10|  9 11 14  2
11| 10 15  3 12
12| 11  9 16  4
13| 14 16  9  5
14| 15 10 13  6
15| 16 14 11  7
16| 12 13  8 15

274
  |  K  S  H  L
--+------------
 1|  2  4  5  9
 2|  1  3  6 10
 3|  4  2  7 11
 4|  3  1 12  8
 5|  6  8  1 13
 6|  5  7  2 14
 7|  8  6 15  3
 8|  7  5  4 16
 9| 13 12 10  1
10|  9 11 14  2
11| 15 10  3 12
12| 11  9 16  4
13| 14 16  9  5
14| 10 15 13  6
15| 16 14 11  7
16| 12 13  8 15

275
  |  K  S  H  L
--+------------
 1|  2  4  5  9
 2|  1  3  6 10
 3|  4  2  7 11
 4|  3  1 12  8
 5|  6  8  1 13
 6|  5  7  2 14
 7|  8  6 15  3
 8|  7  5  4 16
 9| 10 12 13  1
10|  9 11 14  2
11| 15 10  3 12
12| 11  9 16  4
13| 14 16  9  5
14| 13 15 10  6
15| 16 14 11  7
16| 12 13  8 15

276
  |  K  S  H  L
--+------------
 1|  2  4  5  9
 2|  1  3  6 10
 3|  4  2  7 11
 4|  3  1 12  8
 5|  6  8  1 13
 6|  5  7  2 14
 7|  8  6 15  3
 8|  7  5  4 16
 9| 12 10 13  1
10|  9 11 14  2
11| 10 15  3 12
12| 11  9 16  4
13| 14 16  9  5
14| 15 13 10  6
15| 16 14 11  7
16| 13 12  8 15

277
  |  K  S  H  L
--+------------
 1|  2  4  5  9
 2|  1  3  6 10
 3|  4  2  7 11
 4|  3  1 12  8
 5|  6  8  1 13
 6|  5  7  2 14
 7| 15  6  8  3
 8|  7  5  4 16
 9| 12 13 10  1
10|  9 11 14  2
11| 10 15  3 12
12| 11  9 16  4
13| 14 16  9  5
14| 13 10 15  6
15| 16 14 11  7
16|  8 12 13 15

278
  |  K  S  H  L
--+------------
 1|  2  4  5  9
 2|  1  3  6 10
 3|  4  2  7 11
 4|  3  1 12  8
 5|  6  8  1 13
 6|  5  7  2 14
 7|  8  6 15  3
 8|  7  5  4 16
 9| 12 13 10  1
10|  9 11 14  2
11| 10 12  3 15
12| 11  9 16  4
13| 14 16  9  5
14| 15 10 13  6
15| 16 14 11  7
16| 13 15  8 12

279
  |  K  S  H  L
--+------------
 1|  2  4  5  9
 2|  1  3  6 10
 3|  4  2  7 11
 4|  3  1 12  8
 5|  6  8  1 13
 6|  5  7  2 14
 7|  8  6 15  3
 8|  7  5  4 16
 9| 13 12 10  1
10|  9 11 14  2
11| 12 10  3 15
12| 11  9 16  4
13| 14 16  9  5
14| 10 15 13  6
15| 16 14 11  7
16| 15 13  8 12

280
  |  K  S  H  L
--+------------
 1|  2  4  5  9
 2|  1  3  6 10
 3|  4  2  7 11
 4|  3  1 12  8
 5|  6  8  1 13
 6|  5  7  2 14
 7|  8  6 15  3
 8|  7  5  4 16
 9| 10 12 13  1
10|  9 11 14  2
11| 12 10  3 15
12| 11  9 16  4
13| 14 16  9  5
14| 13 15 10  6
15| 16 14 11  7
16| 15 13  8 12

281
  |  K  S  H  L
--+------------
 1|  2  4  5  9
 2|  1  3  6 10
 3|  4  2  7 11
 4|  3  1 12  8
 5|  6  8  1 13
 6|  5  7  2 14
 7|  8  6 15  3
 8|  7  5  4 16
 9| 10 12 13  1
10|  9 11 14  2
11| 12 10  3 15
12| 11  9 16  4
13| 14 16  9  5
14| 15 13 10  6
15| 16 14 11  7
16| 13 15  8 12

282
  |  K  S  H  L
--+------------
 1|  2  4  5  9
 2|  1  3  6 10
 3|  4  2  7 11
 4|  3  1 12  8
 5|  6  8  1 13
 6|  5  7  2 14
 7|  8  6 15  3
 8|  7  5  4 16
 9| 12 10 13  1
10|  9 11 14  2
11| 10 12  3 15
12| 11  9 16  4
13| 14 16  9  5
14| 13 15 10  6
15| 16 14 11  7
16| 15 13  8 12

283
  |  K  S  H  L
--+------------
 1|  2  4  5  9
 2|  1  3  6 10
 3|  4  2  7 11
 4|  3  1 12  8
 5|  6  8  1 13
 6|  5  7  2 14
 7|  8  6 15  3
 8|  7  5  4 16
 9| 12 10 13  1
10|  9 11 14  2
11| 10 12  3 15
12| 11  9 16  4
13| 14 16  9  5
14| 15 13 10  6
15| 16 14 11  7
16| 13 15  8 12

284
  |  K  S  H  L
--+------------
 1|  2  4  5  9
 2|  1  3  6 10
 3|  4  2  7 11
 4|  3  1 12  8
 5|  6  8  1 13
 6|  5  7  2 14
 7| 15  6  8  3
 8|  7  5  4 16
 9| 12 13 10  1
10|  9 11 14  2
11| 10 12  3 15
12| 11  9 16  4
13| 14 16  9  5
14| 13 10 15  6
15| 16 14 11  7
16|  8 15 13 12

285
  |  K  S  H  L
--+------------
 1|  2  4  5  9
 2|  1  3  6 10
 3|  4  2  7 11
 4|  3  1 12  8
 5|  6  8  1 13
 6|  5  7  2 14
 7| 15  6  8  3
 8|  7  5  4 16
 9| 12 10 13  1
10|  9 11 14  2
11| 10 12  3 15
12| 11  9 16  4
13| 14 16  9  5
14| 13 15 10  6
15| 16 14 11  7
16|  8 13 15 12

286
  |  K  S  H  L
--+------------
 1|  2  4  5  9
 2|  1  3  6 10
 3|  4  2  7 11
 4|  3  1 12  8
 5|  6  8  1 13
 6|  5  7  2 14
 7| 15  6  8  3
 8|  7  5  4 16
 9| 10 12 13  1
10|  9 11 14  2
11| 12 10  3 15
12| 11  9 16  4
13| 14 16  9  5
14| 13 15 10  6
15| 16 14 11  7
16|  8 13 15 12

287
  |  K  S  H  L
--+------------
 1|  2  4  5  9
 2|  1  3  6 10
 3|  4  2  7 11
 4|  3  1 12  8
 5|  6  8  1 13
 6|  5  7  2 14
 7| 15  6  8  3
 8|  7  5  4 16
 9| 13 12 10  1
10|  9 11 14  2
11| 12 10  3 15
12| 11  9 16  4
13| 14 16  9  5
14| 10 13 15  6
15| 16 14 11  7
16|  8 15 13 12

288
  |  K  S  H  L
--+------------
 1|  2  4  5  9
 2|  1  3  6 10
 3|  4  2  7 11
 4|  3  1 12  8
 5|  6  8  1 13
 6|  5  7  2 14
 7| 15  6  8  3
 8|  7  5  4 16
 9| 13 12 10  1
10|  9 11 14  2
11| 12 10  3 15
12| 11  9 16  4
13| 14 16  9  5
14| 10 15 13  6
15| 16 14 11  7
16|  8 13 15 12

289
  |  K  S  H  L
--+------------
 1|  2  4  5  9
 2|  1  3  6 10
 3|  4  2  7 11
 4|  3  1 12  8
 5| 13  8  1  6
 6|  5  7  2 14
 7|  8  6  3 15
 8|  7  5  4 16
 9| 10 12 13  1
10|  9 11 14  2
11| 12 10 15  3
12| 11  9 16  4
13| 14 16  9  5
14|  6 15 10 13
15| 16 14 11  7
16| 15 13  8 12

290
  |  K  S  H  L
--+------------
 1|  2  4  5  9
 2|  1  3  6 10
 3|  4  2  7 11
 4|  3  1 12  8
 5| 13  8  1  6
 6|  5  7  2 14
 7|  8  6  3 15
 8|  7  5  4 16
 9| 10 12 13  1
10|  9 11 14  2
11| 12 15 10  3
12| 11  9 16  4
13| 14 16  9  5
14|  6 10 15 13
15| 16 14 11  7
16| 15 13  8 12

291
  |  K  S  H  L
--+------------
 1|  2  4  5  9
 2|  1  3  6 10
 3|  4  2  7 11
 4|  3  1 12  8
 5| 13  8  1  6
 6|  5  7  2 14
 7|  8  6  3 15
 8|  7  5  4 16
 9| 12 10 13  1
10|  9 11 14  2
11| 10 12 15  3
12| 11  9 16  4
13| 14 16  9  5
14|  6 15 10 13
15| 16 14 11  7
16| 15 13  8 12

292
  |  K  S  H  L
--+------------
 1|  2  4  5  9
 2|  1  3  6 10
 3|  4  2  7 11
 4|  3  1 12  8
 5| 13  8  1  6
 6|  5  7  2 14
 7|  6 15  8  3
 8|  7  5  4 16
 9| 12 10 13  1
10|  9 11 14  2
11| 10 12  3 15
12| 11  9 16  4
13| 14 16  9  5
14| 15  6 10 13
15| 16 14 11  7
16|  8 13 15 12

293
  |  K  S  H  L
--+------------
 1|  2  4  5  9
 2|  1  3  6 10
 3|  4  2  7 11
 4|  3  1 12  8
 5| 13  8  1  6
 6|  5  7  2 14
 7|  6 15  8  3
 8|  7  5  4 16
 9| 12 13 10  1
10|  9 11 14  2
11| 15 10  3 12
12| 11  9 16  4
13| 14 16  9  5
14| 10  6 13 15
15| 16 14 11  7
16|  8 12 15 13

294
  |  K  S  H  L
--+------------
 1|  2  4  5  9
 2|  1  3  6 10
 3|  4  2  7 11
 4|  3  1 12  8
 5| 13  8  1  6
 6|  5  7  2 14
 7|  6 15  8  3
 8|  7  5  4 16
 9| 12 13 10  1
10|  9 11 14  2
11| 15 10  3 12
12| 11  9 16  4
13| 14 16  9  5
14| 10  6 15 13
15| 16 14 11  7
16|  8 12 13 15

295
  |  K  S  H  L
--+------------
 1|  2  4  5  9
 2|  1  3  6 10
 3|  4  2  7 11
 4|  3  1 12  8
 5| 13  8  1  6
 6|  5  7  2 14
 7|  6 15  8  3
 8|  7  5  4 16
 9| 10 12 13  1
10|  9 11 14  2
11| 12 10  3 15
12| 11  9 16  4
13| 14 16  9  5
14| 15  6 10 13
15| 16 14 11  7
16|  8 13 15 12

296
  |  K  S  H  L
--+------------
 1|  2  4  5  9
 2|  1  3  6 10
 3|  4  2  7 11
 4|  3  1 12  8
 5| 13  8  1  6
 6|  5  7  2 14
 7|  8  6 15  3
 8|  7  5  4 16
 9| 12 13 10  1
10|  9 11 14  2
11| 10 15  3 12
12| 11  9 16  4
13| 14 16  9  5
14|  6 10 13 15
15| 16 14 11  7
16| 15 12  8 13

297
  |  K  S  H  L
--+------------
 1|  2  4  5  9
 2|  1  3  6 10
 3|  4  2  7 11
 4|  3  1 12  8
 5| 13  8  1  6
 6|  5  7  2 14
 7|  8  6 15  3
 8|  7  5  4 16
 9| 10 12 13  1
10|  9 11 14  2
11| 12 10  3 15
12| 11  9 16  4
13| 14 16  9  5
14|  6 15 10 13
15| 16 14 11  7
16| 15 13  8 12

298
  |  K  S  H  L
--+------------
 1|  2  4  5  9
 2|  1  3  6 10
 3|  4  2  7 11
 4|  3  1 12  8
 5| 13  8  1  6
 6|  5  7  2 14
 7|  8  6 15  3
 8|  7  5  4 16
 9| 10 12 13  1
10|  9 11 14  2
11| 15 10  3 12
12| 11  9 16  4
13| 14 16  9  5
14|  6 13 10 15
15| 16 14 11  7
16| 12 15  8 13

299
  |  K  S  H  L
--+------------
 1|  2  4  5  9
 2|  1  3  6 10
 3|  4  2  7 11
 4|  3  1 12  8
 5| 13  8  1  6
 6|  5  7  2 14
 7|  8  6 15  3
 8|  7  5  4 16
 9| 10 12 13  1
10|  9 11 14  2
11| 15 10  3 12
12| 11  9 16  4
13| 14 16  9  5
14|  6 15 10 13
15| 16 14 11  7
16| 12 13  8 15

300
  |  K  S  H  L
--+------------
 1|  2  4  5  9
 2|  1  3  6 10
 3|  4  2  7 11
 4|  3  1 12  8
 5| 13  8  1  6
 6|  5  7  2 14
 7|  8  6 15  3
 8|  7  5  4 16
 9| 12 10 13  1
10|  9 11 14  2
11| 10 15  3 12
12| 11  9 16  4
13| 14 16  9  5
14|  6 13 10 15
15| 16 14 11  7
16| 15 12  8 13

301
  |  K  S  H  L
--+------------
 1|  2  4  5  9
 2|  1  3  6 10
 3|  4  2  7 11
 4|  3  1 12  8
 5| 13  8  1  6
 6|  5  7  2 14
 7|  8  6 15  3
 8|  7  5  4 16
 9| 12 10 13  1
10|  9 11 14  2
11| 10 12  3 15
12| 11  9 16  4
13| 14 16  9  5
14|  6 15 10 13
15| 16 14 11  7
16| 15 13  8 12

302
  |  K  S  H  L
--+------------
 1|  2  4  5  9
 2|  1  3  6 10
 3|  4  2  7 11
 4|  3  1 12  8
 5| 13  8  1  6
 6|  5  7  2 14
 7| 15  6  8  3
 8|  7  5  4 16
 9| 10 12 13  1
10|  9 11 14  2
11| 12 10  3 15
12| 11  9 16  4
13| 14 16  9  5
14|  6 15 10 13
15| 16 14 11  7
16|  8 13 15 12

303
  |  K  S  H  L
--+------------
 1|  2  4  5  9
 2|  1  3  6 10
 3|  4  2  7 11
 4|  3  1 12  8
 5| 13  8  1  6
 6|  5  7  2 14
 7| 15  6  8  3
 8|  7  5  4 16
 9| 12 10 13  1
10|  9 11 14  2
11| 10 15  3 12
12| 11  9 16  4
13| 14 16  9  5
14|  6 13 10 15
15| 16 14 11  7
16|  8 12 15 13

304
  |  K  S  H  L
--+------------
 1|  2  4  5  9
 2|  1  3  6 10
 3|  4  2  7 11
 4|  3  1 12  8
 5| 13  8  1  6
 6|  5  7  2 14
 7| 15  6  8  3
 8|  7  5  4 16
 9| 12 10 13  1
10|  9 11 14  2
11| 10 12  3 15
12| 11  9 16  4
13| 14 16  9  5
14|  6 15 10 13
15| 16 14 11  7
16|  8 13 15 12

305
  |  K  S  H  L
--+------------
 1|  2  4  5  9
 2|  1  3  6 10
 3|  4  2  7 11
 4|  3  1 12  8
 5| 13  8  1  6
 6|  5  7  2 14
 7| 15  6  8  3
 8|  7  5  4 16
 9| 12 13 10  1
10|  9 11 14  2
11| 10 12  3 15
12| 11  9 16  4
13| 14 16  9  5
14|  6 10 15 13
15| 16 14 11  7
16|  8 15 13 12

306
  |  K  S  H  L
--+------------
 1|  2  4  5  9
 2|  1  3  6 10
 3|  4  2  7 11
 4|  3  1 12  8
 5| 13  8  1  6
 6|  5  7  2 14
 7| 15  6  8  3
 8|  7  5  4 16
 9| 12 13 10  1
10|  9 11 14  2
11| 10 15  3 12
12| 11  9 16  4
13| 14 16  9  5
14|  6 10 13 15
15| 16 14 11  7
16|  8 12 15 13

307
  |  K  S  H  L
--+------------
 1|  2  4  5  9
 2|  1  3  6 10
 3|  4  2  7 11
 4|  3  1 12  8
 5| 13  8  1  6
 6|  5  7  2 14
 7| 15  6  8  3
 8|  7  5  4 16
 9| 12 13 10  1
10|  9 11 14  2
11| 10 15  3 12
12| 11  9 16  4
13| 14 16  9  5
14|  6 10 15 13
15| 16 14 11  7
16|  8 12 13 15

308
  |  K  S  H  L
--+------------
 1|  2  4  5  9
 2|  1  3  6 10
 3|  4  2  7 11
 4|  8  1  3 12
 5|  6  8  1 13
 6|  5  7  2 14
 7|  3  6 15  8
 8|  7  5  4 16
 9| 10 12 13  1
10|  9 11 14  2
11| 15 10 12  3
12| 11  9 16  4
13| 14 16  9  5
14| 13 15 10  6
15| 16 14 11  7
16| 12 13  8 15

309
  |  K  S  H  L
--+------------
 1|  2  4  5  9
 2|  1  3  6 10
 3|  4  2  7 11
 4|  8  1  3 12
 5|  6  8  1 13
 6|  5  7  2 14
 7|  3  6 15  8
 8|  7  5  4 16
 9| 13 12 10  1
10|  9 11 14  2
11| 15 10 12  3
12| 11  9 16  4
13| 14 16  9  5
14| 10 15 13  6
15| 16 14 11  7
16| 12 13  8 15

310
  |  K  S  H  L
--+------------
 1|  2  4  5  9
 2|  1  3  6 10
 3|  4  2  7 11
 4|  8  1  3 12
 5|  6  8  1 13
 6|  5  7  2 14
 7|  3  6 15  8
 8|  7  5  4 16
 9| 12 13 10  1
10|  9 11 14  2
11| 15 10 12  3
12| 11  9 16  4
13| 14 16  9  5
14| 10 15 13  6
15| 16 14 11  7
16| 13 12  8 15

311
  |  K  S  H  L
--+------------
 1|  2  4  5  9
 2|  1  3  6 10
 3|  4  2  7 11
 4|  8  1  3 12
 5|  6  8  1 13
 6|  5  7  2 14
 7|  3  6 15  8
 8|  7  5  4 16
 9| 13 10 12  1
10|  9 11 14  2
11| 15 12 10  3
12| 11  9 16  4
13| 14 16  9  5
14| 10 15 13  6
15| 16 14 11  7
16| 12 13  8 15

312
  |  K  S  H  L
--+------------
 1|  2  4  5  9
 2|  1  3  6 10
 3|  4  2  7 11
 4|  8  1  3 12
 5|  6  8  1 13
 6|  5  7  2 14
 7|  3  6 15  8
 8|  7  5  4 16
 9| 12 10 13  1
10|  9 11 14  2
11| 10 15 12  3
12| 11  9 16  4
13| 14 16  9  5
14| 15 13 10  6
15| 16 14 11  7
16| 13 12  8 15

313
  |  K  S  H  L
--+------------
 1|  2  4  5  9
 2|  1  3  6 10
 3|  4  2  7 11
 4|  8  1  3 12
 5|  6  8  1 13
 6|  5  7  2 14
 7|  3  6 15  8
 8|  7  5  4 16
 9| 12 13 10  1
10|  9 11 14  2
11| 10 15 12  3
12| 11  9 16  4
13| 14 16  9  5
14| 15 10 13  6
15| 16 14 11  7
16| 13 12  8 15

314
  |  K  S  H  L
--+------------
 1|  2  4  5  9
 2|  1  3  6 10
 3|  4  2  7 11
 4|  8  1  3 12
 5|  6  8  1 13
 6|  5  7  2 14
 7|  3  6 15  8
 8|  7  5  4 16
 9| 13 12 10  1
10|  9 11 14  2
11| 10 15 12  3
12| 11  9 16  4
13| 14 16  9  5
14| 15 10 13  6
15| 16 14 11  7
16| 12 13  8 15

315
  |  K  S  H  L
--+------------
 1|  2  4  5  9
 2|  1  3  6 10
 3|  4  2  7 11
 4|  8  1  3 12
 5|  6  8  1 13
 6|  5  7  2 14
 7|  3  6 15  8
 8|  7  5  4 16
 9| 10 13 12  1
10|  9 11 14  2
11| 12 15 10  3
12| 11  9 16  4
13| 14 16  9  5
14| 15 10 13  6
15| 16 14 11  7
16| 13 12  8 15

316
  |  K  S  H  L
--+------------
 1|  2  4  5  9
 2|  1  3  6 10
 3|  4  2  7 11
 4|  8  1  3 12
 5|  6  8  1 13
 6|  5  7  2 14
 7|  3  6  8 15
 8|  7  5  4 16
 9| 10 12 13  1
10|  9 11 14  2
11| 15 10 12  3
12| 11  9 16  4
13| 14 16  9  5
14| 13 15 10  6
15| 16 14 11  7
16| 12 13 15  8

317
  |  K  S  H  L
--+------------
 1|  2  4  5  9
 2|  1  3  6 10
 3|  4  2  7 11
 4|  8  1  3 12
 5|  6  8  1 13
 6|  5  7  2 14
 7|  3  6  8 15
 8|  7  5  4 16
 9| 10 12 13  1
10|  9 11 14  2
11| 12 10 15  3
12| 11  9 16  4
13| 14 16  9  5
14| 13 15 10  6
15| 16 14 11  7
16| 15 13 12  8

318
  |  K  S  H  L
--+------------
 1|  2  4  5  9
 2|  1  3  6 10
 3|  4  2  7 11
 4|  8  1  3 12
 5|  6  8  1 13
 6|  5  7  2 14
 7|  3  6  8 15
 8|  7  5  4 16
 9| 10 12 13  1
10|  9 11 14  2
11| 12 10 15  3
12| 11  9 16  4
13| 14 16  9  5
14| 15 13 10  6
15| 16 14 11  7
16| 13 15 12  8

319
  |  K  S  H  L
--+------------
 1|  2  4  5  9
 2|  1  3  6 10
 3|  4  2  7 11
 4|  8  1  3 12
 5|  6  8  1 13
 6|  5  7  2 14
 7|  3  6  8 15
 8|  7  5  4 16
 9| 10 12 13  1
10|  9 11 14  2
11| 12 15 10  3
12| 11  9 16  4
13| 14 16  9  5
14| 13 10 15  6
15| 16 14 11  7
16| 15 13 12  8

320
  |  K  S  H  L
--+------------
 1|  2  4  5  9
 2|  1  3  6 10
 3|  4  2  7 11
 4|  8  1  3 12
 5|  6  8  1 13
 6|  5  7  2 14
 7|  3  6  8 15
 8|  7  5  4 16
 9| 10 13 12  1
10|  9 11 14  2
11| 12 10 15  3
12| 11  9 16  4
13| 14 16  9  5
14| 13 15 10  6
15| 16 14 11  7
16| 15 12 13  8

